# Every line that starts with # will be ignored
# Order of vertices is significant
# Algorithm, which will be called; [BRUTE, MASTS, LINEAR]
ALGORITHM = MASTS
# Number of vertices. Vertices has been numbered from 1
VERTICES = 700
# Every vertex has two (ID, Distance[to next vertex]) or four atributes (ID, X coordinate, Y coordinate, Distance)
# It depends on number of vertices. If more than 20, then graph won't be created
1 18
2 16
3 18
4 10
5 14
6 20
7 13
8 19
9 6
10 4
11 2
12 13
13 2
14 2
15 11
16 6
17 3
18 15
19 7
20 20
21 2
22 2
23 7
24 16
25 18
26 5
27 7
28 19
29 18
30 11
31 8
32 13
33 8
34 10
35 1
36 17
37 8
38 19
39 7
40 5
41 13
42 16
43 2
44 2
45 17
46 17
47 8
48 11
49 12
50 14
51 4
52 18
53 7
54 12
55 12
56 11
57 4
58 14
59 2
60 4
61 17
62 14
63 1
64 12
65 20
66 16
67 17
68 12
69 18
70 2
71 4
72 3
73 1
74 13
75 17
76 1
77 2
78 11
79 14
80 6
81 15
82 5
83 2
84 8
85 19
86 10
87 14
88 6
89 12
90 17
91 20
92 3
93 14
94 8
95 5
96 2
97 12
98 14
99 19
100 11
101 4
102 14
103 11
104 18
105 18
106 16
107 3
108 18
109 9
110 3
111 16
112 9
113 13
114 11
115 2
116 14
117 4
118 10
119 4
120 11
121 20
122 6
123 9
124 4
125 4
126 8
127 19
128 12
129 15
130 3
131 14
132 2
133 17
134 2
135 17
136 14
137 15
138 8
139 1
140 14
141 17
142 2
143 2
144 15
145 6
146 1
147 10
148 4
149 20
150 13
151 19
152 9
153 12
154 16
155 5
156 4
157 5
158 4
159 12
160 8
161 12
162 8
163 11
164 1
165 10
166 7
167 8
168 16
169 1
170 18
171 10
172 19
173 20
174 3
175 1
176 16
177 18
178 7
179 13
180 14
181 4
182 5
183 5
184 12
185 14
186 15
187 1
188 1
189 3
190 9
191 2
192 4
193 16
194 20
195 13
196 16
197 19
198 5
199 14
200 6
201 12
202 5
203 18
204 14
205 8
206 15
207 20
208 12
209 4
210 16
211 12
212 1
213 8
214 18
215 5
216 8
217 9
218 20
219 8
220 8
221 7
222 5
223 12
224 10
225 11
226 12
227 20
228 12
229 8
230 15
231 3
232 10
233 16
234 6
235 10
236 8
237 6
238 1
239 11
240 15
241 1
242 16
243 9
244 11
245 8
246 4
247 20
248 1
249 8
250 19
251 18
252 18
253 13
254 20
255 2
256 12
257 13
258 11
259 4
260 3
261 17
262 17
263 9
264 18
265 5
266 13
267 1
268 11
269 14
270 6
271 6
272 13
273 9
274 5
275 3
276 9
277 3
278 1
279 20
280 3
281 20
282 19
283 16
284 1
285 9
286 5
287 20
288 20
289 13
290 18
291 2
292 18
293 1
294 5
295 18
296 16
297 10
298 5
299 7
300 13
301 15
302 6
303 18
304 18
305 20
306 20
307 10
308 11
309 11
310 12
311 20
312 10
313 5
314 1
315 17
316 7
317 2
318 5
319 3
320 16
321 20
322 12
323 9
324 14
325 17
326 12
327 17
328 19
329 8
330 14
331 13
332 5
333 15
334 20
335 10
336 11
337 6
338 16
339 7
340 6
341 14
342 11
343 13
344 19
345 2
346 13
347 1
348 11
349 2
350 12
351 15
352 15
353 7
354 19
355 9
356 13
357 17
358 13
359 3
360 15
361 16
362 2
363 2
364 14
365 4
366 1
367 10
368 6
369 3
370 14
371 13
372 8
373 1
374 11
375 5
376 8
377 5
378 18
379 13
380 5
381 7
382 5
383 6
384 9
385 7
386 4
387 15
388 5
389 9
390 2
391 7
392 4
393 19
394 2
395 18
396 2
397 19
398 20
399 11
400 20
401 18
402 13
403 8
404 11
405 4
406 3
407 3
408 14
409 8
410 16
411 19
412 12
413 18
414 4
415 6
416 18
417 11
418 5
419 2
420 12
421 9
422 3
423 1
424 13
425 12
426 17
427 14
428 8
429 4
430 6
431 16
432 10
433 8
434 11
435 1
436 14
437 10
438 7
439 15
440 14
441 8
442 16
443 6
444 2
445 3
446 14
447 2
448 6
449 10
450 14
451 10
452 12
453 8
454 13
455 6
456 8
457 18
458 9
459 20
460 20
461 15
462 18
463 17
464 14
465 17
466 8
467 19
468 20
469 5
470 17
471 10
472 14
473 13
474 10
475 15
476 14
477 1
478 15
479 3
480 17
481 3
482 6
483 12
484 20
485 16
486 8
487 8
488 13
489 8
490 18
491 15
492 18
493 11
494 13
495 19
496 14
497 9
498 9
499 2
500 15
501 3
502 15
503 19
504 16
505 7
506 13
507 20
508 4
509 14
510 10
511 8
512 19
513 15
514 14
515 11
516 12
517 7
518 11
519 2
520 10
521 19
522 5
523 20
524 10
525 14
526 19
527 9
528 8
529 8
530 2
531 15
532 14
533 13
534 13
535 14
536 19
537 10
538 10
539 12
540 8
541 20
542 12
543 17
544 4
545 6
546 10
547 7
548 19
549 10
550 10
551 1
552 16
553 15
554 18
555 5
556 8
557 14
558 3
559 3
560 14
561 17
562 6
563 4
564 5
565 3
566 8
567 12
568 6
569 5
570 12
571 16
572 15
573 12
574 12
575 2
576 8
577 12
578 1
579 16
580 11
581 1
582 11
583 15
584 3
585 12
586 16
587 17
588 8
589 20
590 5
591 2
592 15
593 13
594 18
595 20
596 8
597 16
598 15
599 12
600 3
601 13
602 20
603 6
604 3
605 10
606 7
607 16
608 7
609 9
610 19
611 19
612 3
613 15
614 3
615 3
616 7
617 2
618 3
619 4
620 19
621 7
622 7
623 1
624 7
625 20
626 13
627 4
628 11
629 14
630 20
631 18
632 13
633 10
634 10
635 8
636 5
637 13
638 17
639 6
640 18
641 4
642 13
643 3
644 7
645 5
646 17
647 9
648 1
649 4
650 1
651 7
652 11
653 5
654 14
655 8
656 18
657 14
658 20
659 18
660 10
661 11
662 16
663 14
664 4
665 16
666 13
667 10
668 13
669 7
670 1
671 12
672 11
673 11
674 3
675 5
676 19
677 4
678 11
679 2
680 19
681 11
682 7
683 17
684 13
685 4
686 5
687 4
688 11
689 11
690 3
691 5
692 17
693 16
694 17
695 9
696 16
697 7
698 13
699 2
700 4
# Number of edges
EDGES = 0
# Every edge has three atributes (ID, first vertex, last vertex)
