# Every line that starts with # will be ignored
# Order of vertices is significant
# Algorithm, which will be called; [BRUTE, MASTS, LINEAR]
ALGORITHM = LINEAR
# Number of vertices. Vertices has been numbered from 1
VERTICES = 1000
# Every vertex has two (ID, Distance[to next vertex]) or four atributes (ID, X coordinate, Y coordinate, Distance)
# It depends on number of vertices. If more than 20, then graph won't be created
1 14
2 16
3 16
4 3
5 11
6 18
7 2
8 7
9 6
10 12
11 15
12 17
13 13
14 12
15 9
16 17
17 9
18 5
19 5
20 8
21 8
22 12
23 10
24 20
25 11
26 20
27 17
28 3
29 16
30 10
31 11
32 1
33 9
34 16
35 4
36 9
37 14
38 12
39 9
40 18
41 10
42 16
43 12
44 6
45 17
46 4
47 5
48 6
49 14
50 1
51 17
52 19
53 7
54 3
55 7
56 13
57 14
58 9
59 7
60 2
61 12
62 12
63 18
64 9
65 13
66 3
67 13
68 15
69 6
70 5
71 1
72 18
73 6
74 20
75 11
76 9
77 20
78 5
79 6
80 11
81 3
82 3
83 6
84 3
85 11
86 13
87 13
88 19
89 4
90 18
91 3
92 15
93 20
94 3
95 18
96 13
97 10
98 20
99 3
100 3
101 4
102 6
103 12
104 8
105 12
106 8
107 10
108 11
109 3
110 12
111 6
112 16
113 17
114 12
115 7
116 4
117 17
118 14
119 10
120 19
121 4
122 16
123 2
124 8
125 8
126 7
127 9
128 5
129 3
130 15
131 3
132 3
133 3
134 14
135 17
136 4
137 20
138 5
139 4
140 7
141 5
142 16
143 7
144 1
145 8
146 4
147 18
148 14
149 16
150 3
151 13
152 1
153 11
154 10
155 1
156 19
157 3
158 17
159 13
160 4
161 12
162 16
163 3
164 4
165 13
166 1
167 4
168 10
169 20
170 6
171 1
172 15
173 14
174 1
175 16
176 13
177 7
178 1
179 2
180 4
181 1
182 2
183 6
184 17
185 8
186 20
187 10
188 17
189 1
190 4
191 13
192 12
193 7
194 8
195 9
196 2
197 19
198 8
199 17
200 2
201 17
202 20
203 1
204 1
205 12
206 7
207 4
208 6
209 10
210 17
211 11
212 4
213 4
214 18
215 5
216 14
217 8
218 11
219 7
220 14
221 19
222 8
223 4
224 19
225 6
226 18
227 3
228 13
229 19
230 9
231 12
232 3
233 1
234 2
235 4
236 3
237 13
238 19
239 17
240 10
241 10
242 11
243 5
244 4
245 20
246 16
247 2
248 6
249 3
250 18
251 6
252 5
253 1
254 2
255 12
256 18
257 5
258 2
259 3
260 5
261 13
262 3
263 5
264 18
265 20
266 20
267 2
268 15
269 9
270 5
271 6
272 18
273 11
274 11
275 5
276 9
277 1
278 10
279 1
280 19
281 4
282 5
283 9
284 4
285 2
286 13
287 16
288 9
289 5
290 4
291 16
292 13
293 5
294 15
295 4
296 7
297 6
298 18
299 4
300 6
301 9
302 7
303 19
304 9
305 20
306 14
307 13
308 14
309 16
310 3
311 10
312 6
313 11
314 1
315 11
316 17
317 11
318 9
319 12
320 16
321 1
322 9
323 17
324 6
325 9
326 3
327 1
328 2
329 14
330 17
331 20
332 11
333 13
334 15
335 4
336 1
337 6
338 11
339 6
340 5
341 9
342 11
343 6
344 18
345 1
346 20
347 20
348 5
349 3
350 14
351 4
352 10
353 7
354 13
355 4
356 12
357 20
358 18
359 13
360 19
361 20
362 8
363 19
364 12
365 20
366 8
367 17
368 20
369 8
370 15
371 1
372 17
373 19
374 3
375 7
376 17
377 6
378 5
379 4
380 20
381 7
382 5
383 20
384 16
385 16
386 6
387 4
388 7
389 4
390 20
391 6
392 18
393 13
394 3
395 2
396 15
397 18
398 3
399 2
400 15
401 3
402 4
403 12
404 17
405 19
406 2
407 18
408 5
409 10
410 13
411 19
412 2
413 7
414 5
415 20
416 15
417 14
418 10
419 13
420 3
421 18
422 2
423 13
424 2
425 9
426 11
427 7
428 9
429 5
430 14
431 19
432 14
433 3
434 16
435 12
436 18
437 4
438 5
439 8
440 4
441 19
442 10
443 1
444 2
445 6
446 19
447 16
448 8
449 13
450 4
451 7
452 15
453 17
454 3
455 11
456 12
457 15
458 3
459 8
460 2
461 14
462 3
463 5
464 5
465 11
466 15
467 14
468 20
469 19
470 14
471 11
472 16
473 12
474 11
475 2
476 13
477 4
478 17
479 17
480 14
481 13
482 13
483 10
484 16
485 9
486 15
487 6
488 12
489 4
490 3
491 7
492 6
493 16
494 10
495 2
496 20
497 15
498 11
499 17
500 14
501 4
502 3
503 17
504 1
505 11
506 5
507 14
508 4
509 10
510 18
511 17
512 16
513 12
514 19
515 2
516 2
517 16
518 15
519 8
520 2
521 11
522 4
523 2
524 16
525 17
526 2
527 7
528 2
529 9
530 18
531 8
532 6
533 10
534 7
535 8
536 17
537 8
538 6
539 5
540 20
541 20
542 19
543 13
544 5
545 5
546 17
547 16
548 5
549 12
550 14
551 8
552 9
553 9
554 5
555 16
556 5
557 17
558 15
559 1
560 9
561 18
562 11
563 9
564 6
565 18
566 19
567 6
568 3
569 17
570 8
571 11
572 12
573 5
574 14
575 2
576 18
577 6
578 4
579 10
580 13
581 9
582 20
583 17
584 2
585 1
586 18
587 8
588 2
589 13
590 13
591 2
592 11
593 13
594 19
595 3
596 15
597 19
598 10
599 2
600 6
601 11
602 19
603 13
604 3
605 6
606 6
607 18
608 11
609 16
610 10
611 17
612 10
613 20
614 10
615 9
616 2
617 4
618 8
619 20
620 17
621 1
622 5
623 4
624 5
625 20
626 1
627 14
628 9
629 10
630 12
631 16
632 7
633 9
634 18
635 1
636 16
637 11
638 15
639 7
640 8
641 18
642 6
643 6
644 11
645 13
646 3
647 11
648 15
649 14
650 2
651 3
652 2
653 8
654 2
655 17
656 18
657 15
658 5
659 6
660 8
661 10
662 10
663 4
664 14
665 8
666 1
667 16
668 4
669 3
670 6
671 16
672 13
673 20
674 8
675 19
676 13
677 3
678 3
679 7
680 1
681 6
682 8
683 9
684 7
685 15
686 20
687 7
688 16
689 3
690 4
691 19
692 19
693 12
694 19
695 17
696 19
697 3
698 4
699 3
700 11
701 6
702 9
703 12
704 5
705 16
706 17
707 6
708 20
709 10
710 18
711 17
712 2
713 20
714 10
715 14
716 14
717 9
718 3
719 1
720 1
721 8
722 8
723 9
724 4
725 7
726 11
727 17
728 5
729 8
730 4
731 16
732 13
733 9
734 15
735 5
736 17
737 12
738 20
739 13
740 12
741 12
742 17
743 1
744 4
745 2
746 13
747 10
748 5
749 11
750 16
751 6
752 14
753 5
754 12
755 8
756 17
757 16
758 18
759 8
760 1
761 19
762 15
763 5
764 10
765 20
766 5
767 14
768 17
769 16
770 1
771 18
772 4
773 18
774 19
775 11
776 13
777 1
778 16
779 1
780 10
781 12
782 7
783 4
784 19
785 14
786 9
787 4
788 3
789 15
790 17
791 12
792 12
793 13
794 20
795 5
796 9
797 2
798 9
799 15
800 5
801 5
802 9
803 7
804 2
805 7
806 5
807 19
808 3
809 20
810 20
811 12
812 1
813 13
814 2
815 2
816 16
817 9
818 9
819 17
820 10
821 15
822 19
823 10
824 19
825 6
826 16
827 7
828 15
829 8
830 14
831 20
832 13
833 18
834 2
835 18
836 8
837 13
838 5
839 9
840 19
841 5
842 7
843 13
844 4
845 6
846 11
847 4
848 8
849 19
850 19
851 7
852 5
853 1
854 1
855 14
856 5
857 1
858 17
859 13
860 4
861 17
862 13
863 17
864 20
865 5
866 15
867 6
868 3
869 12
870 6
871 9
872 12
873 8
874 7
875 9
876 2
877 6
878 5
879 6
880 5
881 15
882 7
883 3
884 14
885 20
886 9
887 8
888 5
889 3
890 2
891 18
892 12
893 14
894 13
895 10
896 7
897 15
898 9
899 15
900 3
901 5
902 5
903 20
904 4
905 14
906 8
907 13
908 14
909 14
910 17
911 12
912 5
913 3
914 18
915 11
916 3
917 17
918 9
919 13
920 2
921 11
922 20
923 14
924 3
925 6
926 18
927 3
928 19
929 6
930 14
931 9
932 19
933 16
934 4
935 12
936 5
937 3
938 20
939 11
940 17
941 5
942 5
943 18
944 17
945 3
946 19
947 13
948 17
949 15
950 5
951 19
952 5
953 18
954 18
955 17
956 12
957 14
958 20
959 20
960 13
961 6
962 1
963 16
964 5
965 12
966 18
967 15
968 20
969 6
970 13
971 9
972 11
973 16
974 15
975 17
976 9
977 12
978 6
979 15
980 4
981 19
982 15
983 12
984 2
985 4
986 8
987 15
988 9
989 14
990 16
991 9
992 12
993 3
994 3
995 8
996 15
997 10
998 11
999 7
1000 9
# Number of edges
EDGES = 0
# Every edge has three atributes (ID, first vertex, last vertex)
