# Every line that starts with # will be ignored
# Order of vertices is significant
# Algorithm, which will be called; [BRUTE, MASTS, LINEAR]
ALGORITHM = LINEAR
# Number of vertices. Vertices has been numbered from 1
VERTICES = 200
# Every vertex has two (ID, Distance[to next vertex]) or four atributes (ID, X coordinate, Y coordinate, Distance)
# It depends on number of vertices. If more than 20, then graph won't be created
1 19
2 18
3 2
4 7
5 9
6 15
7 18
8 18
9 4
10 6
11 12
12 16
13 5
14 6
15 15
16 16
17 11
18 14
19 6
20 4
21 2
22 15
23 19
24 5
25 15
26 18
27 2
28 18
29 3
30 9
31 2
32 19
33 3
34 4
35 3
36 15
37 18
38 10
39 3
40 4
41 9
42 15
43 2
44 9
45 4
46 12
47 16
48 7
49 6
50 1
51 10
52 20
53 7
54 7
55 11
56 18
57 8
58 14
59 16
60 4
61 15
62 1
63 10
64 6
65 7
66 15
67 12
68 1
69 10
70 12
71 4
72 9
73 17
74 20
75 6
76 10
77 16
78 19
79 10
80 20
81 6
82 14
83 13
84 11
85 19
86 13
87 12
88 5
89 12
90 6
91 4
92 6
93 7
94 20
95 5
96 3
97 16
98 8
99 4
100 14
101 11
102 4
103 14
104 1
105 8
106 9
107 3
108 11
109 19
110 2
111 19
112 6
113 15
114 9
115 8
116 3
117 12
118 2
119 4
120 8
121 15
122 9
123 13
124 20
125 3
126 9
127 6
128 4
129 10
130 14
131 3
132 16
133 18
134 3
135 12
136 16
137 13
138 1
139 14
140 20
141 10
142 10
143 2
144 13
145 16
146 5
147 18
148 2
149 7
150 5
151 13
152 17
153 17
154 20
155 3
156 19
157 15
158 10
159 13
160 15
161 1
162 10
163 18
164 1
165 20
166 12
167 2
168 10
169 13
170 12
171 13
172 13
173 8
174 18
175 16
176 5
177 7
178 11
179 7
180 6
181 8
182 11
183 18
184 18
185 18
186 2
187 6
188 17
189 11
190 20
191 15
192 6
193 1
194 16
195 16
196 15
197 10
198 20
199 4
200 3
# Number of edges
EDGES = 0
# Every edge has three atributes (ID, first vertex, last vertex)
