# Every line that starts with # will be ignored
# Order of vertices is significant
# Algorithm, which will be called; [BRUTE, MASTS, LINEAR]
ALGORITHM = BRUTE
# Number of vertices. Vertices has been numbered from 1
VERTICES = 600
# Every vertex has two (ID, Distance[to next vertex]) or four atributes (ID, X coordinate, Y coordinate, Distance)
# It depends on number of vertices. If more than 20, then graph won't be created
1 5
2 16
3 16
4 13
5 1
6 1
7 16
8 4
9 10
10 9
11 1
12 12
13 9
14 19
15 6
16 5
17 7
18 11
19 8
20 10
21 19
22 13
23 11
24 6
25 8
26 9
27 10
28 2
29 12
30 8
31 7
32 1
33 9
34 3
35 8
36 13
37 11
38 19
39 13
40 10
41 6
42 9
43 12
44 5
45 1
46 6
47 1
48 7
49 16
50 10
51 1
52 9
53 10
54 17
55 13
56 10
57 10
58 6
59 19
60 19
61 2
62 3
63 13
64 3
65 12
66 4
67 5
68 11
69 8
70 15
71 8
72 11
73 15
74 12
75 5
76 1
77 15
78 2
79 16
80 5
81 3
82 18
83 4
84 3
85 4
86 3
87 18
88 13
89 19
90 9
91 7
92 8
93 13
94 2
95 15
96 16
97 9
98 13
99 7
100 10
101 17
102 5
103 8
104 10
105 8
106 6
107 13
108 9
109 18
110 6
111 8
112 5
113 20
114 11
115 7
116 6
117 17
118 7
119 8
120 19
121 17
122 8
123 9
124 5
125 10
126 12
127 14
128 7
129 4
130 8
131 13
132 11
133 5
134 13
135 7
136 8
137 13
138 19
139 16
140 13
141 14
142 2
143 2
144 16
145 3
146 13
147 11
148 10
149 10
150 13
151 12
152 15
153 19
154 10
155 11
156 13
157 16
158 19
159 19
160 14
161 10
162 8
163 1
164 5
165 1
166 3
167 11
168 8
169 6
170 8
171 10
172 12
173 8
174 10
175 17
176 13
177 9
178 16
179 4
180 1
181 6
182 17
183 2
184 5
185 14
186 6
187 3
188 5
189 3
190 14
191 13
192 17
193 10
194 16
195 17
196 1
197 7
198 7
199 12
200 7
201 8
202 15
203 15
204 18
205 18
206 2
207 20
208 13
209 1
210 9
211 17
212 16
213 2
214 19
215 6
216 7
217 1
218 6
219 18
220 12
221 11
222 17
223 2
224 1
225 4
226 10
227 10
228 11
229 2
230 14
231 4
232 13
233 14
234 1
235 14
236 16
237 19
238 2
239 6
240 19
241 11
242 14
243 20
244 2
245 8
246 7
247 20
248 18
249 12
250 5
251 4
252 7
253 9
254 20
255 16
256 2
257 16
258 17
259 20
260 2
261 19
262 2
263 6
264 17
265 16
266 3
267 20
268 10
269 8
270 6
271 16
272 17
273 16
274 1
275 3
276 4
277 6
278 2
279 19
280 17
281 16
282 7
283 1
284 18
285 20
286 7
287 17
288 19
289 19
290 5
291 10
292 6
293 4
294 16
295 1
296 11
297 7
298 15
299 1
300 19
301 7
302 2
303 18
304 15
305 15
306 8
307 19
308 5
309 12
310 18
311 4
312 18
313 20
314 8
315 4
316 4
317 9
318 7
319 10
320 9
321 20
322 14
323 14
324 9
325 8
326 13
327 2
328 16
329 10
330 3
331 13
332 16
333 3
334 18
335 20
336 2
337 20
338 1
339 8
340 3
341 20
342 17
343 11
344 17
345 4
346 16
347 10
348 13
349 6
350 10
351 10
352 7
353 12
354 16
355 18
356 16
357 7
358 19
359 9
360 4
361 5
362 5
363 8
364 12
365 12
366 15
367 10
368 2
369 16
370 14
371 2
372 2
373 4
374 5
375 16
376 11
377 4
378 11
379 16
380 14
381 9
382 1
383 7
384 2
385 14
386 7
387 15
388 10
389 14
390 16
391 18
392 19
393 1
394 15
395 14
396 4
397 15
398 15
399 19
400 10
401 10
402 1
403 4
404 11
405 8
406 12
407 19
408 20
409 17
410 13
411 19
412 11
413 18
414 17
415 19
416 14
417 2
418 20
419 9
420 8
421 16
422 10
423 20
424 3
425 1
426 20
427 18
428 12
429 11
430 11
431 4
432 11
433 14
434 1
435 3
436 14
437 14
438 5
439 7
440 19
441 14
442 7
443 6
444 19
445 4
446 12
447 20
448 10
449 8
450 1
451 16
452 17
453 13
454 7
455 1
456 11
457 13
458 15
459 17
460 19
461 12
462 8
463 18
464 16
465 1
466 5
467 7
468 18
469 16
470 3
471 17
472 4
473 15
474 3
475 4
476 15
477 11
478 8
479 15
480 2
481 1
482 19
483 11
484 15
485 1
486 10
487 11
488 1
489 6
490 18
491 15
492 17
493 11
494 20
495 6
496 10
497 6
498 19
499 16
500 4
501 1
502 20
503 14
504 5
505 1
506 18
507 12
508 19
509 15
510 19
511 7
512 20
513 4
514 15
515 20
516 6
517 1
518 3
519 7
520 13
521 3
522 12
523 8
524 8
525 15
526 13
527 15
528 12
529 1
530 18
531 14
532 15
533 10
534 19
535 11
536 4
537 3
538 1
539 19
540 6
541 12
542 3
543 15
544 5
545 9
546 7
547 9
548 7
549 16
550 14
551 13
552 20
553 16
554 5
555 11
556 9
557 12
558 18
559 12
560 3
561 2
562 18
563 13
564 4
565 2
566 16
567 19
568 5
569 9
570 10
571 13
572 4
573 19
574 18
575 2
576 8
577 1
578 13
579 3
580 18
581 3
582 11
583 12
584 18
585 5
586 9
587 2
588 19
589 15
590 10
591 8
592 11
593 10
594 11
595 8
596 10
597 5
598 7
599 1
600 1
# Number of edges
EDGES = 0
# Every edge has three atributes (ID, first vertex, last vertex)
