# Every line that starts with # will be ignored
# Order of vertices is significant
# Algorithm, which will be called; [BRUTE, MASTS, LINEAR]
ALGORITHM = MASTS
# Number of vertices. Vertices has been numbered from 1
VERTICES = 10000
# Every vertex has two (ID, Distance[to next vertex]) or four atributes (ID, X coordinate, Y coordinate, Distance)
# It depends on number of vertices. If more than 20, then graph won't be created
1 15
2 4
3 9
4 13
5 9
6 19
7 10
8 7
9 5
10 7
11 11
12 15
13 15
14 8
15 4
16 9
17 8
18 5
19 10
20 15
21 1
22 7
23 20
24 10
25 2
26 17
27 11
28 9
29 16
30 19
31 4
32 20
33 3
34 11
35 20
36 6
37 20
38 16
39 18
40 1
41 8
42 17
43 16
44 6
45 13
46 6
47 5
48 8
49 17
50 5
51 7
52 14
53 4
54 4
55 1
56 13
57 5
58 20
59 11
60 6
61 15
62 17
63 12
64 8
65 18
66 5
67 4
68 12
69 13
70 15
71 18
72 6
73 13
74 16
75 12
76 19
77 20
78 15
79 14
80 15
81 19
82 8
83 3
84 13
85 8
86 6
87 18
88 9
89 11
90 18
91 17
92 6
93 7
94 7
95 11
96 19
97 17
98 11
99 3
100 15
101 4
102 18
103 15
104 3
105 18
106 10
107 6
108 11
109 7
110 10
111 1
112 18
113 10
114 20
115 16
116 13
117 20
118 8
119 20
120 14
121 9
122 6
123 16
124 4
125 11
126 11
127 1
128 11
129 6
130 10
131 2
132 18
133 17
134 6
135 4
136 7
137 3
138 6
139 5
140 17
141 14
142 1
143 8
144 16
145 6
146 3
147 8
148 1
149 17
150 12
151 4
152 2
153 18
154 15
155 17
156 20
157 8
158 2
159 6
160 9
161 4
162 12
163 9
164 5
165 5
166 11
167 11
168 8
169 18
170 3
171 18
172 6
173 13
174 7
175 16
176 9
177 16
178 7
179 4
180 14
181 9
182 1
183 15
184 18
185 18
186 19
187 5
188 8
189 4
190 1
191 9
192 12
193 11
194 15
195 16
196 13
197 19
198 10
199 10
200 6
201 5
202 11
203 17
204 14
205 5
206 20
207 12
208 10
209 19
210 18
211 19
212 8
213 11
214 11
215 16
216 5
217 13
218 1
219 17
220 5
221 9
222 18
223 15
224 18
225 8
226 5
227 11
228 10
229 15
230 9
231 18
232 14
233 15
234 13
235 18
236 12
237 17
238 12
239 11
240 19
241 3
242 6
243 3
244 18
245 20
246 10
247 2
248 13
249 16
250 5
251 16
252 10
253 15
254 19
255 4
256 11
257 9
258 20
259 17
260 11
261 2
262 14
263 3
264 8
265 17
266 1
267 13
268 5
269 14
270 19
271 12
272 19
273 12
274 14
275 18
276 20
277 15
278 14
279 16
280 14
281 10
282 11
283 1
284 1
285 12
286 18
287 4
288 20
289 9
290 19
291 3
292 17
293 19
294 7
295 17
296 7
297 10
298 11
299 9
300 16
301 19
302 17
303 8
304 15
305 7
306 1
307 1
308 15
309 20
310 7
311 11
312 17
313 4
314 11
315 19
316 6
317 2
318 13
319 15
320 9
321 5
322 14
323 5
324 12
325 10
326 6
327 4
328 4
329 2
330 7
331 19
332 6
333 12
334 2
335 19
336 11
337 12
338 5
339 20
340 7
341 7
342 5
343 3
344 10
345 1
346 1
347 7
348 18
349 1
350 10
351 16
352 9
353 11
354 17
355 19
356 19
357 4
358 18
359 3
360 2
361 1
362 1
363 15
364 2
365 13
366 14
367 9
368 10
369 9
370 13
371 19
372 19
373 9
374 20
375 8
376 4
377 9
378 17
379 17
380 17
381 15
382 11
383 8
384 17
385 10
386 12
387 13
388 6
389 8
390 2
391 7
392 10
393 16
394 10
395 13
396 9
397 19
398 14
399 10
400 8
401 20
402 9
403 10
404 8
405 1
406 1
407 18
408 11
409 20
410 8
411 1
412 2
413 2
414 7
415 11
416 8
417 11
418 15
419 2
420 18
421 6
422 8
423 20
424 16
425 6
426 8
427 1
428 2
429 1
430 4
431 5
432 10
433 4
434 13
435 16
436 5
437 11
438 6
439 12
440 13
441 11
442 4
443 10
444 18
445 9
446 2
447 5
448 11
449 13
450 14
451 8
452 11
453 10
454 11
455 6
456 7
457 11
458 12
459 14
460 2
461 3
462 9
463 8
464 8
465 6
466 17
467 18
468 19
469 4
470 20
471 11
472 20
473 5
474 2
475 14
476 16
477 1
478 12
479 10
480 10
481 8
482 17
483 17
484 12
485 13
486 11
487 9
488 4
489 4
490 3
491 10
492 13
493 6
494 14
495 13
496 5
497 20
498 13
499 4
500 18
501 19
502 8
503 7
504 20
505 6
506 11
507 19
508 1
509 17
510 9
511 1
512 16
513 12
514 4
515 6
516 2
517 3
518 16
519 8
520 10
521 8
522 3
523 15
524 10
525 5
526 17
527 1
528 10
529 20
530 14
531 2
532 17
533 8
534 17
535 12
536 14
537 3
538 9
539 2
540 1
541 5
542 13
543 4
544 5
545 14
546 11
547 14
548 4
549 10
550 2
551 20
552 1
553 8
554 2
555 6
556 10
557 8
558 4
559 7
560 15
561 6
562 6
563 20
564 5
565 8
566 14
567 14
568 5
569 3
570 6
571 11
572 15
573 13
574 4
575 5
576 19
577 5
578 19
579 3
580 15
581 16
582 9
583 1
584 3
585 14
586 6
587 14
588 16
589 16
590 6
591 17
592 6
593 13
594 6
595 17
596 5
597 14
598 17
599 20
600 14
601 6
602 16
603 14
604 19
605 10
606 14
607 5
608 19
609 17
610 2
611 19
612 19
613 8
614 14
615 15
616 6
617 8
618 17
619 5
620 1
621 12
622 6
623 5
624 6
625 1
626 3
627 14
628 1
629 6
630 1
631 20
632 13
633 13
634 13
635 10
636 6
637 11
638 3
639 15
640 4
641 3
642 17
643 15
644 11
645 6
646 3
647 6
648 6
649 9
650 18
651 17
652 16
653 4
654 18
655 16
656 17
657 6
658 3
659 11
660 7
661 1
662 1
663 16
664 9
665 15
666 20
667 16
668 20
669 20
670 16
671 9
672 15
673 6
674 5
675 7
676 19
677 7
678 5
679 10
680 12
681 10
682 12
683 20
684 14
685 9
686 5
687 6
688 12
689 9
690 4
691 8
692 5
693 14
694 19
695 13
696 3
697 20
698 17
699 4
700 4
701 6
702 19
703 1
704 19
705 14
706 13
707 19
708 20
709 18
710 9
711 10
712 7
713 14
714 5
715 4
716 15
717 10
718 3
719 11
720 18
721 8
722 4
723 13
724 3
725 1
726 6
727 2
728 18
729 1
730 11
731 10
732 7
733 4
734 10
735 13
736 14
737 8
738 4
739 19
740 14
741 19
742 5
743 15
744 17
745 13
746 4
747 5
748 18
749 3
750 12
751 15
752 16
753 10
754 1
755 9
756 6
757 6
758 10
759 17
760 19
761 16
762 12
763 6
764 1
765 6
766 15
767 11
768 4
769 7
770 20
771 18
772 16
773 15
774 18
775 1
776 15
777 16
778 5
779 17
780 20
781 4
782 20
783 5
784 17
785 20
786 10
787 18
788 10
789 6
790 11
791 4
792 14
793 12
794 3
795 19
796 9
797 9
798 8
799 3
800 18
801 3
802 8
803 9
804 11
805 1
806 13
807 16
808 15
809 9
810 20
811 14
812 20
813 14
814 19
815 10
816 14
817 20
818 19
819 10
820 14
821 4
822 17
823 4
824 2
825 18
826 16
827 3
828 11
829 4
830 19
831 11
832 20
833 1
834 19
835 4
836 3
837 13
838 13
839 11
840 17
841 18
842 9
843 6
844 3
845 16
846 1
847 14
848 6
849 1
850 7
851 6
852 6
853 13
854 12
855 17
856 3
857 4
858 16
859 16
860 20
861 7
862 10
863 13
864 1
865 16
866 19
867 11
868 10
869 8
870 9
871 20
872 17
873 15
874 20
875 3
876 4
877 7
878 10
879 17
880 18
881 20
882 16
883 18
884 4
885 4
886 17
887 11
888 14
889 5
890 9
891 19
892 16
893 15
894 20
895 19
896 18
897 8
898 19
899 6
900 7
901 5
902 7
903 17
904 5
905 7
906 2
907 14
908 20
909 5
910 3
911 3
912 18
913 4
914 17
915 9
916 2
917 5
918 10
919 6
920 15
921 13
922 16
923 4
924 6
925 7
926 1
927 11
928 18
929 5
930 15
931 20
932 12
933 4
934 2
935 11
936 20
937 6
938 13
939 14
940 3
941 12
942 18
943 15
944 13
945 5
946 18
947 12
948 12
949 12
950 4
951 5
952 9
953 5
954 1
955 2
956 11
957 11
958 12
959 6
960 6
961 20
962 15
963 15
964 6
965 6
966 2
967 18
968 4
969 4
970 10
971 13
972 16
973 4
974 20
975 15
976 11
977 15
978 19
979 20
980 3
981 10
982 20
983 5
984 13
985 16
986 1
987 15
988 18
989 16
990 7
991 19
992 10
993 4
994 19
995 5
996 4
997 13
998 3
999 9
1000 18
1001 18
1002 6
1003 13
1004 11
1005 15
1006 14
1007 17
1008 14
1009 3
1010 1
1011 7
1012 14
1013 2
1014 16
1015 10
1016 18
1017 14
1018 2
1019 5
1020 20
1021 16
1022 13
1023 8
1024 17
1025 14
1026 16
1027 15
1028 7
1029 20
1030 9
1031 2
1032 5
1033 19
1034 15
1035 3
1036 17
1037 7
1038 10
1039 6
1040 11
1041 20
1042 2
1043 13
1044 6
1045 12
1046 6
1047 12
1048 13
1049 16
1050 6
1051 13
1052 16
1053 18
1054 14
1055 7
1056 19
1057 16
1058 8
1059 4
1060 18
1061 16
1062 20
1063 15
1064 13
1065 3
1066 19
1067 3
1068 6
1069 4
1070 2
1071 13
1072 13
1073 15
1074 11
1075 16
1076 3
1077 5
1078 8
1079 11
1080 14
1081 5
1082 11
1083 3
1084 7
1085 3
1086 15
1087 5
1088 9
1089 12
1090 12
1091 2
1092 6
1093 11
1094 20
1095 9
1096 4
1097 11
1098 12
1099 17
1100 17
1101 20
1102 5
1103 8
1104 10
1105 2
1106 12
1107 19
1108 4
1109 20
1110 20
1111 18
1112 8
1113 1
1114 11
1115 18
1116 9
1117 1
1118 10
1119 18
1120 7
1121 18
1122 9
1123 19
1124 10
1125 12
1126 13
1127 12
1128 4
1129 14
1130 8
1131 16
1132 7
1133 5
1134 14
1135 9
1136 18
1137 3
1138 10
1139 5
1140 18
1141 13
1142 5
1143 19
1144 20
1145 13
1146 20
1147 4
1148 5
1149 7
1150 20
1151 14
1152 16
1153 8
1154 17
1155 12
1156 12
1157 3
1158 20
1159 16
1160 1
1161 8
1162 10
1163 18
1164 12
1165 10
1166 11
1167 17
1168 6
1169 10
1170 3
1171 19
1172 12
1173 4
1174 15
1175 12
1176 5
1177 8
1178 12
1179 19
1180 4
1181 9
1182 1
1183 8
1184 1
1185 16
1186 6
1187 5
1188 5
1189 5
1190 11
1191 20
1192 12
1193 10
1194 17
1195 1
1196 11
1197 8
1198 15
1199 4
1200 18
1201 9
1202 17
1203 17
1204 3
1205 14
1206 13
1207 14
1208 16
1209 18
1210 6
1211 20
1212 9
1213 20
1214 14
1215 14
1216 14
1217 10
1218 14
1219 2
1220 7
1221 13
1222 15
1223 5
1224 13
1225 3
1226 19
1227 14
1228 4
1229 18
1230 14
1231 18
1232 1
1233 14
1234 2
1235 6
1236 19
1237 6
1238 5
1239 16
1240 4
1241 8
1242 10
1243 3
1244 17
1245 11
1246 13
1247 14
1248 10
1249 16
1250 3
1251 3
1252 6
1253 7
1254 17
1255 4
1256 7
1257 7
1258 19
1259 17
1260 12
1261 8
1262 4
1263 3
1264 20
1265 1
1266 4
1267 8
1268 3
1269 17
1270 10
1271 4
1272 14
1273 17
1274 12
1275 20
1276 19
1277 18
1278 20
1279 1
1280 17
1281 4
1282 16
1283 7
1284 5
1285 20
1286 3
1287 3
1288 10
1289 10
1290 9
1291 1
1292 3
1293 3
1294 9
1295 6
1296 18
1297 4
1298 10
1299 13
1300 11
1301 6
1302 12
1303 8
1304 5
1305 13
1306 16
1307 6
1308 4
1309 2
1310 1
1311 11
1312 8
1313 18
1314 16
1315 7
1316 17
1317 11
1318 15
1319 18
1320 4
1321 13
1322 17
1323 4
1324 12
1325 5
1326 5
1327 12
1328 8
1329 5
1330 16
1331 6
1332 16
1333 5
1334 8
1335 6
1336 18
1337 20
1338 6
1339 7
1340 16
1341 2
1342 14
1343 15
1344 3
1345 4
1346 5
1347 15
1348 6
1349 4
1350 12
1351 19
1352 10
1353 15
1354 15
1355 16
1356 20
1357 4
1358 20
1359 13
1360 9
1361 3
1362 14
1363 11
1364 10
1365 2
1366 12
1367 19
1368 9
1369 3
1370 14
1371 9
1372 2
1373 6
1374 5
1375 3
1376 9
1377 4
1378 2
1379 11
1380 14
1381 16
1382 17
1383 20
1384 19
1385 5
1386 15
1387 10
1388 18
1389 12
1390 2
1391 1
1392 14
1393 19
1394 19
1395 20
1396 4
1397 14
1398 5
1399 18
1400 1
1401 13
1402 8
1403 17
1404 7
1405 19
1406 16
1407 5
1408 3
1409 5
1410 15
1411 19
1412 12
1413 6
1414 16
1415 10
1416 1
1417 5
1418 5
1419 6
1420 3
1421 4
1422 4
1423 16
1424 15
1425 16
1426 13
1427 17
1428 19
1429 20
1430 15
1431 10
1432 15
1433 19
1434 4
1435 6
1436 14
1437 4
1438 18
1439 10
1440 4
1441 12
1442 8
1443 10
1444 10
1445 6
1446 4
1447 17
1448 16
1449 9
1450 18
1451 3
1452 15
1453 12
1454 8
1455 5
1456 15
1457 10
1458 11
1459 9
1460 6
1461 5
1462 7
1463 18
1464 2
1465 7
1466 7
1467 6
1468 7
1469 9
1470 15
1471 10
1472 5
1473 8
1474 17
1475 10
1476 17
1477 13
1478 17
1479 9
1480 1
1481 1
1482 12
1483 7
1484 13
1485 20
1486 16
1487 17
1488 19
1489 1
1490 18
1491 5
1492 2
1493 15
1494 19
1495 12
1496 3
1497 3
1498 11
1499 19
1500 20
1501 6
1502 19
1503 13
1504 5
1505 1
1506 6
1507 5
1508 20
1509 1
1510 15
1511 14
1512 4
1513 4
1514 9
1515 16
1516 13
1517 9
1518 2
1519 9
1520 6
1521 18
1522 12
1523 5
1524 15
1525 20
1526 9
1527 2
1528 5
1529 19
1530 13
1531 7
1532 3
1533 20
1534 10
1535 14
1536 6
1537 19
1538 19
1539 16
1540 20
1541 5
1542 18
1543 11
1544 12
1545 10
1546 7
1547 15
1548 1
1549 14
1550 20
1551 2
1552 17
1553 8
1554 6
1555 5
1556 12
1557 12
1558 3
1559 20
1560 1
1561 5
1562 18
1563 4
1564 4
1565 14
1566 12
1567 2
1568 9
1569 3
1570 13
1571 2
1572 8
1573 14
1574 18
1575 10
1576 18
1577 7
1578 7
1579 4
1580 18
1581 11
1582 20
1583 15
1584 15
1585 8
1586 20
1587 5
1588 9
1589 5
1590 7
1591 8
1592 3
1593 19
1594 9
1595 18
1596 16
1597 1
1598 17
1599 10
1600 8
1601 12
1602 18
1603 1
1604 5
1605 10
1606 19
1607 9
1608 17
1609 12
1610 10
1611 19
1612 15
1613 5
1614 8
1615 7
1616 17
1617 8
1618 19
1619 4
1620 12
1621 17
1622 11
1623 1
1624 10
1625 17
1626 13
1627 11
1628 15
1629 20
1630 5
1631 7
1632 15
1633 18
1634 3
1635 11
1636 10
1637 16
1638 5
1639 17
1640 14
1641 3
1642 3
1643 20
1644 17
1645 7
1646 15
1647 5
1648 3
1649 10
1650 1
1651 11
1652 2
1653 19
1654 17
1655 6
1656 6
1657 1
1658 12
1659 5
1660 20
1661 11
1662 1
1663 12
1664 17
1665 2
1666 1
1667 5
1668 20
1669 8
1670 12
1671 17
1672 20
1673 7
1674 9
1675 14
1676 15
1677 13
1678 12
1679 14
1680 8
1681 14
1682 16
1683 6
1684 6
1685 16
1686 16
1687 8
1688 8
1689 17
1690 13
1691 14
1692 16
1693 14
1694 15
1695 12
1696 7
1697 11
1698 14
1699 11
1700 19
1701 11
1702 13
1703 7
1704 16
1705 1
1706 6
1707 10
1708 3
1709 11
1710 17
1711 10
1712 20
1713 10
1714 6
1715 1
1716 2
1717 11
1718 4
1719 11
1720 8
1721 20
1722 19
1723 12
1724 10
1725 18
1726 4
1727 2
1728 20
1729 9
1730 20
1731 9
1732 14
1733 12
1734 2
1735 17
1736 14
1737 7
1738 13
1739 16
1740 1
1741 18
1742 13
1743 17
1744 12
1745 8
1746 13
1747 16
1748 14
1749 4
1750 5
1751 19
1752 10
1753 19
1754 16
1755 4
1756 7
1757 18
1758 17
1759 15
1760 17
1761 9
1762 9
1763 11
1764 10
1765 8
1766 13
1767 20
1768 13
1769 16
1770 2
1771 16
1772 15
1773 13
1774 12
1775 2
1776 20
1777 20
1778 15
1779 18
1780 11
1781 8
1782 7
1783 11
1784 12
1785 9
1786 7
1787 13
1788 18
1789 18
1790 20
1791 15
1792 2
1793 14
1794 7
1795 4
1796 14
1797 17
1798 8
1799 16
1800 1
1801 9
1802 17
1803 13
1804 6
1805 9
1806 18
1807 3
1808 20
1809 20
1810 14
1811 13
1812 13
1813 5
1814 18
1815 4
1816 9
1817 10
1818 8
1819 5
1820 8
1821 3
1822 7
1823 6
1824 2
1825 8
1826 17
1827 5
1828 15
1829 1
1830 13
1831 17
1832 8
1833 1
1834 2
1835 13
1836 16
1837 13
1838 7
1839 14
1840 10
1841 10
1842 1
1843 19
1844 19
1845 18
1846 6
1847 15
1848 19
1849 18
1850 11
1851 18
1852 1
1853 16
1854 16
1855 12
1856 18
1857 12
1858 15
1859 2
1860 12
1861 11
1862 2
1863 15
1864 19
1865 4
1866 5
1867 2
1868 9
1869 17
1870 11
1871 4
1872 13
1873 5
1874 4
1875 9
1876 13
1877 20
1878 7
1879 14
1880 10
1881 6
1882 20
1883 1
1884 4
1885 9
1886 13
1887 8
1888 9
1889 16
1890 1
1891 7
1892 2
1893 20
1894 5
1895 1
1896 9
1897 14
1898 2
1899 5
1900 1
1901 1
1902 3
1903 9
1904 11
1905 6
1906 15
1907 15
1908 17
1909 9
1910 13
1911 17
1912 20
1913 5
1914 4
1915 6
1916 17
1917 15
1918 13
1919 19
1920 12
1921 15
1922 19
1923 4
1924 1
1925 11
1926 9
1927 20
1928 16
1929 20
1930 5
1931 18
1932 7
1933 2
1934 9
1935 17
1936 12
1937 4
1938 14
1939 20
1940 20
1941 8
1942 9
1943 2
1944 18
1945 16
1946 17
1947 5
1948 13
1949 8
1950 12
1951 9
1952 14
1953 18
1954 5
1955 4
1956 12
1957 8
1958 6
1959 12
1960 12
1961 9
1962 3
1963 17
1964 11
1965 3
1966 14
1967 15
1968 9
1969 19
1970 9
1971 13
1972 13
1973 17
1974 9
1975 19
1976 19
1977 9
1978 20
1979 10
1980 16
1981 7
1982 5
1983 6
1984 12
1985 11
1986 19
1987 9
1988 12
1989 8
1990 7
1991 13
1992 10
1993 10
1994 2
1995 9
1996 14
1997 4
1998 3
1999 4
2000 14
2001 7
2002 12
2003 3
2004 6
2005 9
2006 14
2007 2
2008 8
2009 18
2010 5
2011 8
2012 6
2013 13
2014 18
2015 14
2016 17
2017 1
2018 17
2019 5
2020 4
2021 18
2022 18
2023 15
2024 2
2025 1
2026 11
2027 11
2028 8
2029 18
2030 10
2031 20
2032 18
2033 13
2034 15
2035 20
2036 3
2037 7
2038 13
2039 17
2040 8
2041 19
2042 5
2043 16
2044 17
2045 8
2046 6
2047 1
2048 10
2049 1
2050 11
2051 1
2052 17
2053 14
2054 2
2055 1
2056 11
2057 8
2058 3
2059 20
2060 16
2061 4
2062 1
2063 11
2064 14
2065 16
2066 10
2067 4
2068 5
2069 7
2070 8
2071 9
2072 5
2073 7
2074 14
2075 6
2076 8
2077 11
2078 17
2079 10
2080 7
2081 1
2082 13
2083 4
2084 6
2085 8
2086 20
2087 4
2088 14
2089 19
2090 20
2091 14
2092 15
2093 10
2094 10
2095 9
2096 10
2097 9
2098 5
2099 5
2100 12
2101 18
2102 9
2103 9
2104 7
2105 13
2106 6
2107 18
2108 9
2109 11
2110 4
2111 10
2112 15
2113 11
2114 16
2115 8
2116 20
2117 9
2118 14
2119 4
2120 14
2121 8
2122 4
2123 1
2124 16
2125 9
2126 19
2127 2
2128 8
2129 18
2130 5
2131 6
2132 7
2133 7
2134 3
2135 19
2136 11
2137 12
2138 20
2139 8
2140 16
2141 18
2142 1
2143 9
2144 11
2145 7
2146 6
2147 15
2148 18
2149 12
2150 9
2151 9
2152 8
2153 5
2154 2
2155 19
2156 16
2157 16
2158 7
2159 9
2160 3
2161 1
2162 20
2163 18
2164 15
2165 6
2166 13
2167 1
2168 13
2169 17
2170 3
2171 7
2172 11
2173 10
2174 5
2175 3
2176 18
2177 11
2178 8
2179 2
2180 9
2181 5
2182 5
2183 19
2184 3
2185 9
2186 1
2187 14
2188 2
2189 11
2190 1
2191 11
2192 5
2193 18
2194 8
2195 18
2196 19
2197 4
2198 1
2199 16
2200 4
2201 10
2202 9
2203 1
2204 15
2205 3
2206 8
2207 19
2208 13
2209 9
2210 3
2211 5
2212 13
2213 5
2214 6
2215 13
2216 4
2217 13
2218 11
2219 19
2220 11
2221 19
2222 3
2223 20
2224 7
2225 11
2226 11
2227 2
2228 20
2229 3
2230 2
2231 12
2232 13
2233 15
2234 17
2235 20
2236 19
2237 8
2238 11
2239 11
2240 19
2241 1
2242 10
2243 16
2244 1
2245 15
2246 17
2247 5
2248 11
2249 12
2250 19
2251 10
2252 7
2253 19
2254 12
2255 4
2256 8
2257 10
2258 7
2259 13
2260 10
2261 18
2262 8
2263 17
2264 7
2265 10
2266 11
2267 12
2268 12
2269 17
2270 12
2271 17
2272 17
2273 13
2274 8
2275 3
2276 14
2277 4
2278 4
2279 5
2280 15
2281 14
2282 1
2283 19
2284 5
2285 11
2286 12
2287 6
2288 9
2289 3
2290 2
2291 1
2292 12
2293 2
2294 11
2295 18
2296 3
2297 9
2298 7
2299 11
2300 5
2301 18
2302 9
2303 6
2304 19
2305 19
2306 3
2307 9
2308 3
2309 14
2310 5
2311 2
2312 1
2313 12
2314 17
2315 14
2316 17
2317 3
2318 7
2319 16
2320 5
2321 12
2322 10
2323 16
2324 18
2325 17
2326 15
2327 17
2328 16
2329 7
2330 13
2331 12
2332 4
2333 20
2334 4
2335 18
2336 16
2337 6
2338 10
2339 15
2340 5
2341 11
2342 6
2343 12
2344 20
2345 8
2346 3
2347 14
2348 9
2349 16
2350 5
2351 16
2352 9
2353 19
2354 6
2355 11
2356 13
2357 6
2358 4
2359 20
2360 11
2361 1
2362 13
2363 18
2364 5
2365 14
2366 7
2367 20
2368 17
2369 15
2370 12
2371 13
2372 11
2373 19
2374 5
2375 10
2376 17
2377 13
2378 7
2379 12
2380 6
2381 5
2382 2
2383 7
2384 4
2385 7
2386 18
2387 18
2388 1
2389 14
2390 18
2391 20
2392 4
2393 5
2394 11
2395 6
2396 5
2397 16
2398 17
2399 6
2400 13
2401 13
2402 19
2403 11
2404 2
2405 20
2406 9
2407 6
2408 19
2409 12
2410 17
2411 16
2412 15
2413 3
2414 19
2415 13
2416 7
2417 1
2418 18
2419 5
2420 13
2421 19
2422 2
2423 1
2424 14
2425 17
2426 15
2427 12
2428 20
2429 2
2430 9
2431 10
2432 16
2433 8
2434 2
2435 9
2436 2
2437 8
2438 14
2439 6
2440 11
2441 11
2442 9
2443 10
2444 2
2445 12
2446 14
2447 5
2448 2
2449 20
2450 2
2451 20
2452 18
2453 19
2454 6
2455 10
2456 18
2457 1
2458 1
2459 12
2460 13
2461 13
2462 9
2463 9
2464 8
2465 5
2466 17
2467 10
2468 10
2469 14
2470 15
2471 7
2472 16
2473 5
2474 20
2475 14
2476 7
2477 10
2478 20
2479 9
2480 12
2481 4
2482 18
2483 10
2484 15
2485 2
2486 3
2487 13
2488 11
2489 12
2490 2
2491 13
2492 17
2493 12
2494 8
2495 7
2496 3
2497 14
2498 20
2499 16
2500 3
2501 3
2502 2
2503 9
2504 19
2505 10
2506 16
2507 7
2508 15
2509 17
2510 14
2511 15
2512 2
2513 17
2514 6
2515 4
2516 5
2517 2
2518 18
2519 4
2520 10
2521 10
2522 4
2523 1
2524 15
2525 16
2526 2
2527 11
2528 17
2529 10
2530 3
2531 13
2532 12
2533 2
2534 10
2535 19
2536 20
2537 19
2538 18
2539 7
2540 6
2541 3
2542 6
2543 8
2544 3
2545 8
2546 10
2547 10
2548 16
2549 9
2550 1
2551 20
2552 6
2553 3
2554 4
2555 14
2556 8
2557 12
2558 7
2559 15
2560 11
2561 6
2562 15
2563 18
2564 2
2565 3
2566 3
2567 7
2568 2
2569 7
2570 7
2571 20
2572 15
2573 6
2574 10
2575 20
2576 4
2577 12
2578 14
2579 16
2580 3
2581 7
2582 2
2583 17
2584 16
2585 20
2586 15
2587 17
2588 16
2589 12
2590 11
2591 9
2592 13
2593 4
2594 18
2595 2
2596 20
2597 6
2598 9
2599 11
2600 14
2601 6
2602 5
2603 11
2604 7
2605 2
2606 8
2607 19
2608 8
2609 18
2610 3
2611 10
2612 2
2613 6
2614 15
2615 2
2616 12
2617 20
2618 3
2619 2
2620 18
2621 20
2622 2
2623 6
2624 18
2625 11
2626 5
2627 15
2628 3
2629 4
2630 16
2631 12
2632 15
2633 1
2634 6
2635 4
2636 13
2637 13
2638 14
2639 4
2640 12
2641 4
2642 11
2643 3
2644 19
2645 8
2646 14
2647 13
2648 1
2649 15
2650 14
2651 13
2652 2
2653 17
2654 12
2655 18
2656 15
2657 3
2658 5
2659 3
2660 14
2661 20
2662 17
2663 18
2664 6
2665 11
2666 5
2667 18
2668 10
2669 1
2670 19
2671 5
2672 15
2673 4
2674 3
2675 12
2676 7
2677 13
2678 6
2679 16
2680 7
2681 2
2682 7
2683 9
2684 17
2685 6
2686 6
2687 17
2688 7
2689 9
2690 8
2691 7
2692 18
2693 19
2694 6
2695 9
2696 10
2697 4
2698 1
2699 2
2700 17
2701 5
2702 6
2703 4
2704 14
2705 14
2706 12
2707 1
2708 1
2709 11
2710 6
2711 8
2712 20
2713 12
2714 13
2715 19
2716 19
2717 16
2718 2
2719 15
2720 19
2721 16
2722 20
2723 7
2724 15
2725 15
2726 16
2727 16
2728 8
2729 13
2730 20
2731 17
2732 7
2733 2
2734 1
2735 18
2736 9
2737 12
2738 4
2739 6
2740 19
2741 12
2742 16
2743 9
2744 17
2745 5
2746 6
2747 3
2748 3
2749 9
2750 1
2751 15
2752 6
2753 8
2754 3
2755 15
2756 8
2757 14
2758 4
2759 20
2760 4
2761 13
2762 5
2763 9
2764 20
2765 3
2766 7
2767 11
2768 7
2769 20
2770 1
2771 11
2772 17
2773 3
2774 3
2775 15
2776 5
2777 5
2778 5
2779 1
2780 6
2781 7
2782 8
2783 2
2784 17
2785 18
2786 7
2787 11
2788 18
2789 20
2790 20
2791 2
2792 13
2793 16
2794 16
2795 18
2796 3
2797 16
2798 16
2799 2
2800 1
2801 2
2802 10
2803 3
2804 20
2805 9
2806 3
2807 17
2808 14
2809 1
2810 10
2811 1
2812 20
2813 18
2814 13
2815 8
2816 8
2817 17
2818 7
2819 2
2820 4
2821 3
2822 2
2823 11
2824 16
2825 18
2826 9
2827 14
2828 9
2829 18
2830 16
2831 13
2832 10
2833 16
2834 10
2835 16
2836 4
2837 9
2838 16
2839 13
2840 16
2841 12
2842 5
2843 2
2844 15
2845 4
2846 6
2847 9
2848 14
2849 5
2850 2
2851 5
2852 7
2853 1
2854 8
2855 2
2856 20
2857 20
2858 4
2859 7
2860 9
2861 7
2862 19
2863 6
2864 7
2865 20
2866 19
2867 20
2868 12
2869 15
2870 2
2871 13
2872 8
2873 3
2874 18
2875 6
2876 18
2877 19
2878 17
2879 9
2880 19
2881 14
2882 18
2883 8
2884 10
2885 2
2886 20
2887 6
2888 2
2889 1
2890 13
2891 19
2892 16
2893 17
2894 5
2895 2
2896 4
2897 17
2898 8
2899 16
2900 12
2901 15
2902 14
2903 14
2904 2
2905 17
2906 1
2907 3
2908 7
2909 7
2910 12
2911 19
2912 9
2913 13
2914 2
2915 3
2916 6
2917 16
2918 1
2919 2
2920 9
2921 10
2922 20
2923 8
2924 1
2925 8
2926 11
2927 13
2928 12
2929 4
2930 13
2931 8
2932 2
2933 14
2934 10
2935 20
2936 13
2937 6
2938 2
2939 2
2940 3
2941 2
2942 14
2943 8
2944 13
2945 14
2946 2
2947 14
2948 7
2949 1
2950 2
2951 15
2952 14
2953 9
2954 17
2955 15
2956 9
2957 3
2958 11
2959 2
2960 19
2961 20
2962 14
2963 7
2964 7
2965 15
2966 11
2967 14
2968 1
2969 18
2970 18
2971 7
2972 5
2973 18
2974 11
2975 8
2976 18
2977 11
2978 2
2979 12
2980 20
2981 12
2982 5
2983 9
2984 12
2985 5
2986 5
2987 15
2988 15
2989 18
2990 14
2991 15
2992 6
2993 13
2994 7
2995 6
2996 2
2997 18
2998 1
2999 6
3000 20
3001 10
3002 11
3003 9
3004 10
3005 6
3006 11
3007 11
3008 10
3009 6
3010 10
3011 11
3012 18
3013 18
3014 1
3015 16
3016 8
3017 15
3018 18
3019 6
3020 20
3021 5
3022 17
3023 10
3024 9
3025 19
3026 16
3027 18
3028 1
3029 16
3030 17
3031 10
3032 16
3033 9
3034 6
3035 18
3036 17
3037 15
3038 14
3039 5
3040 1
3041 14
3042 6
3043 1
3044 16
3045 14
3046 14
3047 8
3048 10
3049 9
3050 5
3051 2
3052 8
3053 5
3054 2
3055 4
3056 7
3057 3
3058 9
3059 17
3060 16
3061 12
3062 1
3063 19
3064 13
3065 3
3066 4
3067 8
3068 11
3069 20
3070 20
3071 9
3072 20
3073 7
3074 18
3075 19
3076 3
3077 16
3078 8
3079 12
3080 13
3081 14
3082 19
3083 12
3084 18
3085 13
3086 11
3087 1
3088 5
3089 8
3090 14
3091 15
3092 8
3093 2
3094 3
3095 13
3096 4
3097 9
3098 11
3099 20
3100 7
3101 5
3102 1
3103 13
3104 15
3105 18
3106 11
3107 8
3108 2
3109 20
3110 3
3111 18
3112 6
3113 2
3114 2
3115 4
3116 11
3117 5
3118 18
3119 1
3120 18
3121 3
3122 4
3123 6
3124 9
3125 7
3126 18
3127 7
3128 12
3129 6
3130 1
3131 18
3132 10
3133 2
3134 5
3135 19
3136 1
3137 2
3138 19
3139 10
3140 14
3141 19
3142 15
3143 16
3144 8
3145 10
3146 8
3147 14
3148 14
3149 6
3150 17
3151 3
3152 19
3153 14
3154 17
3155 5
3156 10
3157 2
3158 5
3159 11
3160 18
3161 18
3162 12
3163 13
3164 4
3165 12
3166 4
3167 16
3168 6
3169 20
3170 11
3171 11
3172 18
3173 8
3174 16
3175 2
3176 8
3177 1
3178 11
3179 13
3180 8
3181 7
3182 15
3183 1
3184 4
3185 19
3186 11
3187 7
3188 8
3189 7
3190 14
3191 7
3192 2
3193 14
3194 14
3195 11
3196 20
3197 10
3198 18
3199 11
3200 16
3201 14
3202 12
3203 16
3204 3
3205 12
3206 15
3207 10
3208 13
3209 19
3210 1
3211 7
3212 9
3213 4
3214 19
3215 9
3216 12
3217 2
3218 8
3219 5
3220 10
3221 7
3222 12
3223 20
3224 3
3225 9
3226 6
3227 2
3228 11
3229 5
3230 15
3231 2
3232 5
3233 6
3234 4
3235 9
3236 17
3237 1
3238 18
3239 11
3240 8
3241 4
3242 5
3243 6
3244 20
3245 17
3246 11
3247 12
3248 15
3249 1
3250 14
3251 7
3252 17
3253 17
3254 7
3255 10
3256 2
3257 7
3258 8
3259 3
3260 8
3261 7
3262 8
3263 19
3264 5
3265 8
3266 13
3267 6
3268 15
3269 9
3270 18
3271 12
3272 13
3273 13
3274 3
3275 7
3276 9
3277 19
3278 2
3279 18
3280 15
3281 18
3282 19
3283 4
3284 12
3285 5
3286 11
3287 1
3288 14
3289 12
3290 7
3291 18
3292 8
3293 18
3294 7
3295 15
3296 9
3297 14
3298 13
3299 3
3300 14
3301 20
3302 12
3303 6
3304 7
3305 13
3306 19
3307 14
3308 1
3309 13
3310 16
3311 10
3312 1
3313 16
3314 13
3315 18
3316 12
3317 7
3318 16
3319 9
3320 16
3321 1
3322 17
3323 3
3324 2
3325 6
3326 14
3327 6
3328 8
3329 14
3330 14
3331 3
3332 17
3333 4
3334 18
3335 13
3336 19
3337 1
3338 1
3339 2
3340 8
3341 20
3342 5
3343 18
3344 20
3345 4
3346 15
3347 19
3348 1
3349 12
3350 2
3351 13
3352 16
3353 6
3354 17
3355 17
3356 19
3357 9
3358 19
3359 16
3360 4
3361 19
3362 7
3363 7
3364 9
3365 19
3366 6
3367 9
3368 16
3369 4
3370 1
3371 13
3372 1
3373 15
3374 17
3375 4
3376 1
3377 1
3378 20
3379 16
3380 10
3381 11
3382 9
3383 14
3384 17
3385 9
3386 11
3387 2
3388 3
3389 9
3390 4
3391 17
3392 14
3393 2
3394 20
3395 7
3396 5
3397 13
3398 7
3399 17
3400 7
3401 2
3402 11
3403 9
3404 13
3405 6
3406 8
3407 9
3408 11
3409 19
3410 2
3411 5
3412 4
3413 13
3414 13
3415 20
3416 11
3417 16
3418 12
3419 20
3420 1
3421 1
3422 12
3423 4
3424 20
3425 10
3426 17
3427 3
3428 2
3429 8
3430 20
3431 19
3432 15
3433 3
3434 3
3435 7
3436 15
3437 5
3438 11
3439 17
3440 4
3441 7
3442 8
3443 6
3444 14
3445 12
3446 10
3447 19
3448 15
3449 14
3450 18
3451 8
3452 17
3453 2
3454 18
3455 3
3456 6
3457 19
3458 2
3459 19
3460 8
3461 6
3462 15
3463 1
3464 17
3465 16
3466 1
3467 11
3468 16
3469 5
3470 12
3471 19
3472 4
3473 8
3474 2
3475 3
3476 1
3477 2
3478 20
3479 6
3480 9
3481 7
3482 6
3483 9
3484 9
3485 3
3486 8
3487 20
3488 4
3489 17
3490 11
3491 6
3492 6
3493 10
3494 3
3495 20
3496 8
3497 8
3498 1
3499 12
3500 16
3501 5
3502 4
3503 1
3504 9
3505 6
3506 8
3507 3
3508 4
3509 15
3510 20
3511 19
3512 12
3513 20
3514 8
3515 5
3516 6
3517 8
3518 5
3519 7
3520 12
3521 17
3522 12
3523 10
3524 9
3525 5
3526 16
3527 4
3528 18
3529 4
3530 4
3531 20
3532 18
3533 1
3534 16
3535 1
3536 8
3537 13
3538 2
3539 15
3540 12
3541 18
3542 4
3543 8
3544 9
3545 16
3546 13
3547 18
3548 11
3549 2
3550 1
3551 14
3552 13
3553 6
3554 13
3555 1
3556 4
3557 6
3558 18
3559 12
3560 12
3561 18
3562 4
3563 9
3564 2
3565 10
3566 18
3567 8
3568 3
3569 10
3570 20
3571 11
3572 1
3573 11
3574 6
3575 14
3576 16
3577 19
3578 3
3579 10
3580 18
3581 11
3582 12
3583 4
3584 5
3585 13
3586 14
3587 4
3588 20
3589 5
3590 1
3591 14
3592 8
3593 12
3594 7
3595 8
3596 5
3597 3
3598 8
3599 2
3600 18
3601 12
3602 15
3603 3
3604 10
3605 14
3606 4
3607 9
3608 11
3609 10
3610 4
3611 3
3612 3
3613 2
3614 18
3615 8
3616 4
3617 5
3618 11
3619 18
3620 20
3621 18
3622 17
3623 16
3624 10
3625 6
3626 3
3627 13
3628 11
3629 8
3630 8
3631 19
3632 1
3633 3
3634 1
3635 15
3636 3
3637 12
3638 12
3639 5
3640 1
3641 16
3642 10
3643 17
3644 7
3645 4
3646 19
3647 7
3648 12
3649 6
3650 13
3651 5
3652 13
3653 18
3654 2
3655 11
3656 5
3657 14
3658 6
3659 16
3660 12
3661 10
3662 4
3663 2
3664 19
3665 20
3666 3
3667 14
3668 18
3669 15
3670 17
3671 5
3672 4
3673 1
3674 19
3675 10
3676 10
3677 7
3678 3
3679 1
3680 18
3681 16
3682 6
3683 3
3684 10
3685 16
3686 8
3687 15
3688 14
3689 14
3690 2
3691 9
3692 2
3693 8
3694 11
3695 17
3696 4
3697 10
3698 6
3699 9
3700 16
3701 14
3702 18
3703 10
3704 5
3705 14
3706 1
3707 1
3708 19
3709 2
3710 7
3711 18
3712 5
3713 16
3714 19
3715 1
3716 8
3717 13
3718 4
3719 12
3720 9
3721 6
3722 9
3723 7
3724 16
3725 10
3726 8
3727 10
3728 1
3729 2
3730 12
3731 12
3732 12
3733 18
3734 9
3735 12
3736 19
3737 2
3738 14
3739 17
3740 10
3741 9
3742 1
3743 5
3744 10
3745 13
3746 9
3747 19
3748 19
3749 15
3750 4
3751 9
3752 13
3753 4
3754 6
3755 11
3756 20
3757 17
3758 5
3759 14
3760 18
3761 10
3762 11
3763 11
3764 15
3765 9
3766 5
3767 15
3768 7
3769 5
3770 13
3771 19
3772 17
3773 5
3774 10
3775 20
3776 4
3777 11
3778 6
3779 9
3780 2
3781 8
3782 13
3783 20
3784 6
3785 2
3786 1
3787 9
3788 6
3789 8
3790 5
3791 4
3792 18
3793 12
3794 9
3795 18
3796 20
3797 10
3798 2
3799 15
3800 4
3801 20
3802 10
3803 15
3804 18
3805 1
3806 15
3807 13
3808 13
3809 3
3810 12
3811 19
3812 10
3813 4
3814 20
3815 11
3816 17
3817 19
3818 6
3819 13
3820 15
3821 11
3822 8
3823 2
3824 18
3825 7
3826 4
3827 12
3828 5
3829 18
3830 4
3831 20
3832 11
3833 14
3834 1
3835 16
3836 5
3837 13
3838 2
3839 9
3840 9
3841 12
3842 10
3843 12
3844 10
3845 5
3846 7
3847 19
3848 18
3849 16
3850 17
3851 18
3852 15
3853 10
3854 14
3855 18
3856 9
3857 16
3858 3
3859 7
3860 18
3861 4
3862 11
3863 9
3864 19
3865 7
3866 10
3867 20
3868 11
3869 18
3870 5
3871 12
3872 5
3873 2
3874 4
3875 9
3876 15
3877 9
3878 20
3879 19
3880 20
3881 20
3882 18
3883 10
3884 1
3885 18
3886 11
3887 2
3888 16
3889 6
3890 13
3891 1
3892 13
3893 8
3894 15
3895 11
3896 17
3897 3
3898 9
3899 17
3900 15
3901 15
3902 11
3903 5
3904 13
3905 13
3906 17
3907 10
3908 20
3909 12
3910 5
3911 1
3912 8
3913 3
3914 5
3915 3
3916 2
3917 6
3918 3
3919 8
3920 6
3921 1
3922 12
3923 7
3924 11
3925 6
3926 16
3927 6
3928 17
3929 7
3930 14
3931 8
3932 14
3933 8
3934 15
3935 14
3936 4
3937 18
3938 3
3939 19
3940 2
3941 16
3942 8
3943 19
3944 1
3945 9
3946 14
3947 14
3948 1
3949 15
3950 15
3951 16
3952 16
3953 6
3954 3
3955 17
3956 11
3957 7
3958 10
3959 14
3960 2
3961 6
3962 1
3963 17
3964 4
3965 6
3966 3
3967 5
3968 3
3969 8
3970 17
3971 16
3972 1
3973 7
3974 20
3975 3
3976 20
3977 7
3978 9
3979 19
3980 15
3981 7
3982 13
3983 4
3984 2
3985 20
3986 18
3987 14
3988 10
3989 2
3990 18
3991 15
3992 13
3993 16
3994 18
3995 20
3996 4
3997 20
3998 2
3999 19
4000 1
4001 16
4002 3
4003 4
4004 16
4005 12
4006 1
4007 19
4008 13
4009 8
4010 18
4011 2
4012 8
4013 20
4014 14
4015 19
4016 3
4017 3
4018 1
4019 19
4020 11
4021 3
4022 18
4023 20
4024 13
4025 18
4026 14
4027 13
4028 3
4029 18
4030 8
4031 16
4032 19
4033 5
4034 9
4035 17
4036 4
4037 20
4038 3
4039 3
4040 19
4041 4
4042 6
4043 2
4044 19
4045 6
4046 7
4047 16
4048 8
4049 11
4050 8
4051 17
4052 8
4053 19
4054 19
4055 18
4056 19
4057 19
4058 11
4059 15
4060 8
4061 12
4062 13
4063 20
4064 9
4065 3
4066 15
4067 9
4068 20
4069 14
4070 10
4071 1
4072 14
4073 20
4074 15
4075 5
4076 1
4077 11
4078 2
4079 20
4080 12
4081 17
4082 16
4083 10
4084 13
4085 5
4086 2
4087 5
4088 14
4089 20
4090 11
4091 7
4092 16
4093 7
4094 9
4095 18
4096 6
4097 14
4098 10
4099 9
4100 13
4101 2
4102 18
4103 4
4104 15
4105 19
4106 3
4107 9
4108 17
4109 5
4110 1
4111 3
4112 4
4113 4
4114 3
4115 2
4116 7
4117 9
4118 14
4119 5
4120 3
4121 15
4122 8
4123 5
4124 3
4125 18
4126 4
4127 15
4128 2
4129 15
4130 16
4131 4
4132 6
4133 20
4134 15
4135 15
4136 18
4137 17
4138 16
4139 11
4140 15
4141 16
4142 18
4143 1
4144 7
4145 12
4146 10
4147 7
4148 6
4149 20
4150 2
4151 6
4152 18
4153 6
4154 20
4155 9
4156 20
4157 6
4158 18
4159 19
4160 18
4161 9
4162 18
4163 20
4164 8
4165 9
4166 5
4167 11
4168 14
4169 3
4170 4
4171 18
4172 5
4173 2
4174 7
4175 5
4176 14
4177 10
4178 9
4179 20
4180 13
4181 13
4182 16
4183 15
4184 10
4185 5
4186 1
4187 15
4188 3
4189 2
4190 3
4191 6
4192 18
4193 20
4194 9
4195 15
4196 10
4197 4
4198 12
4199 16
4200 12
4201 12
4202 17
4203 20
4204 5
4205 9
4206 7
4207 4
4208 20
4209 1
4210 5
4211 12
4212 13
4213 8
4214 7
4215 10
4216 7
4217 10
4218 1
4219 2
4220 14
4221 10
4222 19
4223 16
4224 1
4225 5
4226 19
4227 10
4228 1
4229 14
4230 8
4231 5
4232 20
4233 16
4234 9
4235 3
4236 19
4237 12
4238 5
4239 11
4240 6
4241 1
4242 20
4243 12
4244 9
4245 10
4246 18
4247 9
4248 2
4249 19
4250 11
4251 16
4252 14
4253 18
4254 15
4255 5
4256 16
4257 3
4258 14
4259 17
4260 9
4261 5
4262 6
4263 12
4264 13
4265 4
4266 11
4267 8
4268 16
4269 20
4270 11
4271 12
4272 16
4273 19
4274 4
4275 12
4276 2
4277 6
4278 19
4279 17
4280 11
4281 15
4282 2
4283 11
4284 5
4285 19
4286 9
4287 20
4288 3
4289 6
4290 4
4291 12
4292 17
4293 4
4294 16
4295 3
4296 15
4297 7
4298 19
4299 3
4300 12
4301 20
4302 8
4303 11
4304 17
4305 14
4306 11
4307 19
4308 15
4309 20
4310 13
4311 17
4312 6
4313 11
4314 20
4315 12
4316 15
4317 4
4318 6
4319 10
4320 17
4321 3
4322 11
4323 11
4324 6
4325 12
4326 11
4327 15
4328 15
4329 9
4330 1
4331 20
4332 10
4333 8
4334 16
4335 6
4336 10
4337 14
4338 15
4339 19
4340 17
4341 20
4342 20
4343 3
4344 17
4345 6
4346 16
4347 2
4348 16
4349 1
4350 19
4351 7
4352 14
4353 17
4354 9
4355 9
4356 15
4357 19
4358 16
4359 16
4360 13
4361 6
4362 4
4363 15
4364 2
4365 8
4366 11
4367 3
4368 14
4369 12
4370 15
4371 18
4372 20
4373 7
4374 4
4375 17
4376 15
4377 8
4378 2
4379 7
4380 11
4381 7
4382 2
4383 3
4384 11
4385 12
4386 20
4387 3
4388 13
4389 8
4390 10
4391 18
4392 12
4393 7
4394 11
4395 19
4396 2
4397 17
4398 9
4399 20
4400 6
4401 3
4402 15
4403 1
4404 15
4405 20
4406 1
4407 16
4408 2
4409 13
4410 2
4411 1
4412 20
4413 5
4414 13
4415 6
4416 4
4417 1
4418 3
4419 17
4420 19
4421 19
4422 4
4423 1
4424 9
4425 3
4426 19
4427 13
4428 11
4429 14
4430 19
4431 11
4432 10
4433 3
4434 7
4435 8
4436 19
4437 8
4438 15
4439 12
4440 14
4441 14
4442 8
4443 1
4444 8
4445 11
4446 3
4447 7
4448 12
4449 11
4450 14
4451 11
4452 6
4453 20
4454 4
4455 12
4456 7
4457 11
4458 5
4459 9
4460 20
4461 8
4462 7
4463 12
4464 17
4465 5
4466 10
4467 11
4468 11
4469 6
4470 19
4471 13
4472 13
4473 2
4474 1
4475 11
4476 11
4477 10
4478 15
4479 3
4480 4
4481 10
4482 13
4483 13
4484 6
4485 20
4486 9
4487 8
4488 11
4489 6
4490 1
4491 7
4492 7
4493 2
4494 18
4495 17
4496 7
4497 19
4498 18
4499 2
4500 12
4501 6
4502 11
4503 11
4504 20
4505 6
4506 3
4507 19
4508 12
4509 5
4510 19
4511 18
4512 7
4513 14
4514 20
4515 6
4516 10
4517 15
4518 7
4519 5
4520 9
4521 12
4522 3
4523 7
4524 20
4525 16
4526 20
4527 8
4528 17
4529 16
4530 6
4531 16
4532 1
4533 12
4534 20
4535 13
4536 6
4537 4
4538 7
4539 1
4540 4
4541 16
4542 14
4543 8
4544 14
4545 12
4546 19
4547 12
4548 15
4549 7
4550 5
4551 15
4552 20
4553 17
4554 4
4555 12
4556 20
4557 6
4558 2
4559 7
4560 7
4561 9
4562 19
4563 10
4564 7
4565 1
4566 3
4567 4
4568 4
4569 10
4570 6
4571 4
4572 10
4573 11
4574 4
4575 1
4576 13
4577 7
4578 2
4579 17
4580 20
4581 2
4582 13
4583 14
4584 8
4585 14
4586 6
4587 4
4588 3
4589 17
4590 14
4591 20
4592 12
4593 4
4594 3
4595 16
4596 10
4597 20
4598 10
4599 20
4600 9
4601 16
4602 18
4603 13
4604 11
4605 7
4606 5
4607 20
4608 15
4609 8
4610 5
4611 18
4612 2
4613 15
4614 2
4615 1
4616 2
4617 14
4618 6
4619 13
4620 12
4621 4
4622 6
4623 16
4624 1
4625 16
4626 19
4627 10
4628 13
4629 1
4630 3
4631 9
4632 15
4633 12
4634 20
4635 8
4636 6
4637 19
4638 17
4639 15
4640 16
4641 9
4642 17
4643 18
4644 16
4645 7
4646 20
4647 5
4648 18
4649 5
4650 1
4651 4
4652 4
4653 3
4654 8
4655 14
4656 13
4657 9
4658 15
4659 12
4660 4
4661 13
4662 4
4663 19
4664 2
4665 8
4666 9
4667 17
4668 17
4669 8
4670 8
4671 8
4672 5
4673 5
4674 16
4675 3
4676 11
4677 12
4678 16
4679 7
4680 7
4681 8
4682 2
4683 9
4684 2
4685 15
4686 18
4687 8
4688 9
4689 16
4690 4
4691 9
4692 17
4693 11
4694 7
4695 1
4696 3
4697 8
4698 8
4699 4
4700 1
4701 4
4702 11
4703 12
4704 18
4705 5
4706 19
4707 11
4708 10
4709 4
4710 20
4711 12
4712 6
4713 2
4714 16
4715 3
4716 11
4717 6
4718 7
4719 20
4720 9
4721 8
4722 20
4723 2
4724 17
4725 15
4726 11
4727 9
4728 18
4729 6
4730 20
4731 12
4732 4
4733 14
4734 16
4735 7
4736 18
4737 3
4738 3
4739 15
4740 14
4741 15
4742 1
4743 7
4744 15
4745 7
4746 17
4747 15
4748 18
4749 11
4750 11
4751 7
4752 16
4753 13
4754 16
4755 11
4756 7
4757 17
4758 8
4759 17
4760 6
4761 4
4762 15
4763 6
4764 6
4765 3
4766 8
4767 8
4768 2
4769 2
4770 14
4771 15
4772 19
4773 4
4774 19
4775 7
4776 17
4777 15
4778 12
4779 14
4780 20
4781 19
4782 1
4783 5
4784 18
4785 16
4786 13
4787 16
4788 8
4789 18
4790 2
4791 14
4792 8
4793 2
4794 4
4795 18
4796 10
4797 5
4798 3
4799 8
4800 14
4801 18
4802 6
4803 19
4804 4
4805 15
4806 11
4807 15
4808 12
4809 11
4810 9
4811 2
4812 5
4813 12
4814 7
4815 18
4816 1
4817 4
4818 6
4819 9
4820 3
4821 13
4822 8
4823 7
4824 7
4825 14
4826 19
4827 16
4828 1
4829 19
4830 18
4831 20
4832 1
4833 16
4834 9
4835 19
4836 2
4837 12
4838 19
4839 20
4840 17
4841 7
4842 11
4843 11
4844 12
4845 5
4846 16
4847 14
4848 10
4849 5
4850 2
4851 17
4852 10
4853 7
4854 4
4855 6
4856 4
4857 18
4858 8
4859 20
4860 14
4861 17
4862 19
4863 18
4864 19
4865 2
4866 13
4867 14
4868 12
4869 4
4870 17
4871 6
4872 16
4873 9
4874 4
4875 19
4876 18
4877 15
4878 8
4879 16
4880 16
4881 12
4882 19
4883 14
4884 1
4885 11
4886 1
4887 9
4888 2
4889 17
4890 15
4891 17
4892 10
4893 12
4894 12
4895 14
4896 17
4897 11
4898 9
4899 17
4900 11
4901 14
4902 7
4903 1
4904 12
4905 7
4906 11
4907 20
4908 2
4909 5
4910 3
4911 5
4912 4
4913 20
4914 4
4915 2
4916 2
4917 13
4918 16
4919 9
4920 18
4921 20
4922 20
4923 13
4924 13
4925 3
4926 16
4927 6
4928 7
4929 4
4930 5
4931 8
4932 18
4933 2
4934 7
4935 12
4936 6
4937 4
4938 9
4939 20
4940 1
4941 15
4942 6
4943 13
4944 13
4945 5
4946 5
4947 10
4948 10
4949 5
4950 11
4951 10
4952 16
4953 5
4954 3
4955 2
4956 2
4957 6
4958 2
4959 4
4960 4
4961 19
4962 17
4963 3
4964 2
4965 8
4966 16
4967 5
4968 1
4969 13
4970 4
4971 13
4972 18
4973 13
4974 7
4975 4
4976 17
4977 20
4978 6
4979 10
4980 4
4981 20
4982 11
4983 4
4984 7
4985 10
4986 16
4987 1
4988 18
4989 17
4990 20
4991 18
4992 9
4993 15
4994 17
4995 10
4996 7
4997 9
4998 10
4999 18
5000 2
5001 12
5002 9
5003 16
5004 18
5005 16
5006 3
5007 18
5008 12
5009 15
5010 7
5011 17
5012 17
5013 13
5014 8
5015 3
5016 12
5017 7
5018 19
5019 6
5020 20
5021 9
5022 13
5023 18
5024 5
5025 13
5026 1
5027 12
5028 8
5029 1
5030 12
5031 20
5032 5
5033 11
5034 20
5035 16
5036 16
5037 19
5038 14
5039 18
5040 12
5041 1
5042 4
5043 13
5044 16
5045 13
5046 3
5047 14
5048 6
5049 11
5050 9
5051 20
5052 17
5053 2
5054 9
5055 5
5056 13
5057 8
5058 17
5059 3
5060 10
5061 2
5062 12
5063 19
5064 1
5065 14
5066 17
5067 19
5068 5
5069 14
5070 9
5071 2
5072 18
5073 3
5074 9
5075 8
5076 15
5077 10
5078 2
5079 10
5080 6
5081 18
5082 12
5083 17
5084 4
5085 14
5086 20
5087 10
5088 12
5089 20
5090 5
5091 5
5092 16
5093 18
5094 17
5095 10
5096 2
5097 7
5098 9
5099 11
5100 17
5101 18
5102 6
5103 16
5104 5
5105 3
5106 14
5107 19
5108 2
5109 10
5110 3
5111 15
5112 11
5113 8
5114 5
5115 7
5116 18
5117 3
5118 14
5119 3
5120 19
5121 17
5122 13
5123 11
5124 7
5125 4
5126 11
5127 7
5128 14
5129 8
5130 14
5131 1
5132 11
5133 14
5134 7
5135 1
5136 10
5137 16
5138 3
5139 18
5140 14
5141 9
5142 20
5143 13
5144 2
5145 14
5146 17
5147 11
5148 14
5149 12
5150 19
5151 18
5152 18
5153 16
5154 5
5155 16
5156 6
5157 17
5158 10
5159 4
5160 10
5161 1
5162 10
5163 5
5164 8
5165 10
5166 18
5167 4
5168 16
5169 2
5170 12
5171 8
5172 19
5173 9
5174 3
5175 4
5176 15
5177 11
5178 18
5179 17
5180 9
5181 2
5182 3
5183 12
5184 20
5185 20
5186 6
5187 14
5188 2
5189 19
5190 2
5191 14
5192 5
5193 8
5194 15
5195 11
5196 15
5197 7
5198 13
5199 7
5200 1
5201 6
5202 10
5203 15
5204 8
5205 20
5206 18
5207 3
5208 5
5209 11
5210 2
5211 20
5212 15
5213 15
5214 18
5215 13
5216 14
5217 9
5218 6
5219 19
5220 6
5221 16
5222 20
5223 17
5224 12
5225 7
5226 19
5227 18
5228 1
5229 12
5230 7
5231 8
5232 13
5233 7
5234 19
5235 13
5236 2
5237 9
5238 11
5239 16
5240 8
5241 19
5242 4
5243 2
5244 11
5245 5
5246 8
5247 1
5248 15
5249 16
5250 18
5251 16
5252 15
5253 12
5254 14
5255 9
5256 6
5257 10
5258 5
5259 16
5260 5
5261 5
5262 12
5263 16
5264 9
5265 5
5266 17
5267 15
5268 4
5269 5
5270 17
5271 5
5272 10
5273 13
5274 15
5275 1
5276 14
5277 12
5278 2
5279 7
5280 8
5281 4
5282 7
5283 1
5284 9
5285 10
5286 17
5287 5
5288 5
5289 15
5290 17
5291 19
5292 12
5293 11
5294 3
5295 15
5296 17
5297 5
5298 18
5299 17
5300 15
5301 19
5302 20
5303 15
5304 12
5305 20
5306 17
5307 2
5308 3
5309 3
5310 2
5311 5
5312 12
5313 1
5314 3
5315 6
5316 11
5317 10
5318 14
5319 3
5320 1
5321 4
5322 10
5323 20
5324 6
5325 16
5326 6
5327 13
5328 12
5329 2
5330 12
5331 6
5332 10
5333 3
5334 16
5335 14
5336 9
5337 9
5338 5
5339 1
5340 15
5341 6
5342 9
5343 1
5344 16
5345 8
5346 8
5347 19
5348 10
5349 16
5350 11
5351 13
5352 7
5353 20
5354 10
5355 19
5356 2
5357 3
5358 12
5359 14
5360 15
5361 4
5362 17
5363 8
5364 6
5365 14
5366 17
5367 1
5368 3
5369 10
5370 3
5371 10
5372 1
5373 13
5374 20
5375 4
5376 16
5377 20
5378 5
5379 7
5380 9
5381 1
5382 18
5383 8
5384 7
5385 8
5386 16
5387 3
5388 13
5389 1
5390 5
5391 5
5392 5
5393 16
5394 7
5395 5
5396 3
5397 14
5398 11
5399 17
5400 2
5401 2
5402 7
5403 16
5404 10
5405 5
5406 5
5407 2
5408 7
5409 17
5410 18
5411 3
5412 1
5413 12
5414 9
5415 11
5416 20
5417 11
5418 20
5419 14
5420 2
5421 8
5422 13
5423 19
5424 19
5425 1
5426 13
5427 18
5428 20
5429 6
5430 10
5431 19
5432 19
5433 2
5434 5
5435 13
5436 6
5437 4
5438 6
5439 6
5440 14
5441 16
5442 14
5443 15
5444 1
5445 13
5446 2
5447 20
5448 3
5449 17
5450 10
5451 10
5452 18
5453 11
5454 13
5455 20
5456 4
5457 7
5458 19
5459 11
5460 14
5461 11
5462 10
5463 17
5464 10
5465 1
5466 9
5467 7
5468 8
5469 5
5470 18
5471 6
5472 20
5473 20
5474 11
5475 11
5476 2
5477 5
5478 16
5479 1
5480 3
5481 2
5482 3
5483 4
5484 16
5485 10
5486 11
5487 20
5488 5
5489 15
5490 13
5491 4
5492 20
5493 19
5494 11
5495 11
5496 6
5497 11
5498 7
5499 3
5500 16
5501 5
5502 1
5503 20
5504 18
5505 1
5506 8
5507 7
5508 12
5509 10
5510 14
5511 16
5512 13
5513 15
5514 1
5515 8
5516 1
5517 2
5518 12
5519 19
5520 18
5521 19
5522 19
5523 1
5524 19
5525 13
5526 14
5527 11
5528 19
5529 20
5530 8
5531 8
5532 12
5533 14
5534 10
5535 9
5536 19
5537 11
5538 5
5539 10
5540 10
5541 19
5542 6
5543 15
5544 1
5545 15
5546 9
5547 10
5548 5
5549 2
5550 8
5551 12
5552 6
5553 2
5554 1
5555 9
5556 6
5557 13
5558 9
5559 7
5560 11
5561 5
5562 10
5563 20
5564 1
5565 15
5566 15
5567 5
5568 16
5569 3
5570 14
5571 10
5572 1
5573 9
5574 15
5575 2
5576 14
5577 14
5578 7
5579 13
5580 15
5581 19
5582 20
5583 1
5584 10
5585 17
5586 15
5587 9
5588 6
5589 8
5590 9
5591 13
5592 12
5593 13
5594 2
5595 13
5596 10
5597 5
5598 11
5599 16
5600 16
5601 8
5602 11
5603 1
5604 16
5605 2
5606 1
5607 3
5608 1
5609 1
5610 4
5611 10
5612 15
5613 15
5614 6
5615 12
5616 17
5617 2
5618 17
5619 9
5620 11
5621 17
5622 19
5623 15
5624 10
5625 4
5626 1
5627 17
5628 8
5629 3
5630 6
5631 5
5632 12
5633 3
5634 1
5635 16
5636 8
5637 9
5638 16
5639 8
5640 5
5641 3
5642 2
5643 1
5644 14
5645 16
5646 4
5647 5
5648 12
5649 16
5650 7
5651 5
5652 12
5653 12
5654 5
5655 17
5656 6
5657 19
5658 17
5659 6
5660 18
5661 17
5662 16
5663 14
5664 8
5665 14
5666 10
5667 2
5668 20
5669 3
5670 20
5671 7
5672 14
5673 4
5674 11
5675 2
5676 4
5677 2
5678 8
5679 18
5680 18
5681 11
5682 6
5683 9
5684 1
5685 18
5686 5
5687 1
5688 15
5689 17
5690 20
5691 8
5692 6
5693 15
5694 1
5695 13
5696 3
5697 7
5698 7
5699 17
5700 1
5701 18
5702 17
5703 6
5704 14
5705 5
5706 17
5707 13
5708 12
5709 19
5710 4
5711 2
5712 4
5713 12
5714 4
5715 16
5716 7
5717 2
5718 18
5719 10
5720 14
5721 2
5722 12
5723 5
5724 13
5725 14
5726 14
5727 15
5728 10
5729 2
5730 1
5731 11
5732 10
5733 9
5734 3
5735 18
5736 15
5737 5
5738 6
5739 18
5740 19
5741 5
5742 19
5743 16
5744 9
5745 10
5746 14
5747 11
5748 2
5749 4
5750 15
5751 3
5752 7
5753 19
5754 19
5755 12
5756 6
5757 13
5758 13
5759 15
5760 20
5761 17
5762 18
5763 13
5764 4
5765 1
5766 15
5767 2
5768 9
5769 4
5770 13
5771 20
5772 9
5773 15
5774 9
5775 9
5776 18
5777 9
5778 17
5779 18
5780 10
5781 1
5782 10
5783 17
5784 13
5785 11
5786 4
5787 8
5788 9
5789 5
5790 15
5791 11
5792 2
5793 10
5794 16
5795 15
5796 7
5797 12
5798 19
5799 16
5800 1
5801 15
5802 18
5803 4
5804 9
5805 18
5806 9
5807 13
5808 19
5809 2
5810 11
5811 13
5812 1
5813 3
5814 14
5815 20
5816 9
5817 14
5818 15
5819 2
5820 12
5821 4
5822 17
5823 9
5824 3
5825 9
5826 13
5827 5
5828 18
5829 9
5830 16
5831 6
5832 18
5833 13
5834 20
5835 2
5836 3
5837 5
5838 13
5839 20
5840 7
5841 16
5842 10
5843 12
5844 18
5845 5
5846 15
5847 20
5848 14
5849 16
5850 12
5851 14
5852 16
5853 12
5854 13
5855 2
5856 4
5857 12
5858 7
5859 7
5860 18
5861 4
5862 19
5863 17
5864 14
5865 10
5866 13
5867 2
5868 20
5869 12
5870 20
5871 18
5872 7
5873 7
5874 1
5875 18
5876 11
5877 4
5878 9
5879 8
5880 13
5881 14
5882 10
5883 11
5884 8
5885 9
5886 4
5887 14
5888 17
5889 5
5890 12
5891 16
5892 6
5893 18
5894 18
5895 13
5896 2
5897 10
5898 12
5899 4
5900 16
5901 15
5902 2
5903 18
5904 10
5905 4
5906 7
5907 1
5908 8
5909 10
5910 4
5911 10
5912 14
5913 7
5914 19
5915 7
5916 18
5917 5
5918 11
5919 17
5920 9
5921 12
5922 18
5923 9
5924 15
5925 18
5926 19
5927 6
5928 4
5929 6
5930 5
5931 7
5932 10
5933 7
5934 7
5935 5
5936 13
5937 2
5938 2
5939 3
5940 19
5941 14
5942 12
5943 16
5944 12
5945 12
5946 15
5947 20
5948 18
5949 2
5950 13
5951 19
5952 4
5953 11
5954 12
5955 14
5956 8
5957 4
5958 9
5959 20
5960 8
5961 9
5962 16
5963 16
5964 7
5965 11
5966 20
5967 19
5968 4
5969 9
5970 17
5971 5
5972 1
5973 1
5974 13
5975 15
5976 7
5977 12
5978 16
5979 11
5980 1
5981 20
5982 5
5983 19
5984 8
5985 16
5986 18
5987 15
5988 14
5989 5
5990 3
5991 10
5992 6
5993 12
5994 10
5995 3
5996 14
5997 12
5998 3
5999 12
6000 14
6001 17
6002 20
6003 11
6004 20
6005 13
6006 4
6007 10
6008 8
6009 3
6010 7
6011 12
6012 7
6013 5
6014 13
6015 18
6016 2
6017 10
6018 8
6019 4
6020 9
6021 8
6022 3
6023 17
6024 5
6025 14
6026 17
6027 20
6028 16
6029 9
6030 13
6031 8
6032 3
6033 7
6034 19
6035 20
6036 12
6037 4
6038 15
6039 7
6040 11
6041 1
6042 8
6043 11
6044 3
6045 19
6046 12
6047 9
6048 9
6049 10
6050 2
6051 12
6052 8
6053 17
6054 8
6055 17
6056 17
6057 15
6058 6
6059 7
6060 5
6061 14
6062 18
6063 6
6064 20
6065 6
6066 10
6067 6
6068 1
6069 6
6070 15
6071 8
6072 11
6073 19
6074 7
6075 12
6076 18
6077 17
6078 2
6079 17
6080 7
6081 7
6082 12
6083 13
6084 16
6085 16
6086 2
6087 18
6088 7
6089 7
6090 13
6091 15
6092 4
6093 11
6094 15
6095 15
6096 13
6097 15
6098 9
6099 3
6100 2
6101 17
6102 13
6103 15
6104 5
6105 4
6106 17
6107 14
6108 19
6109 12
6110 19
6111 17
6112 8
6113 13
6114 14
6115 9
6116 4
6117 6
6118 5
6119 20
6120 7
6121 19
6122 11
6123 10
6124 5
6125 17
6126 6
6127 15
6128 9
6129 13
6130 12
6131 4
6132 15
6133 3
6134 7
6135 10
6136 17
6137 16
6138 16
6139 2
6140 11
6141 7
6142 19
6143 16
6144 1
6145 12
6146 8
6147 5
6148 17
6149 2
6150 17
6151 10
6152 20
6153 18
6154 6
6155 18
6156 10
6157 15
6158 13
6159 10
6160 5
6161 4
6162 19
6163 1
6164 5
6165 12
6166 19
6167 10
6168 17
6169 8
6170 14
6171 8
6172 14
6173 6
6174 2
6175 1
6176 14
6177 17
6178 19
6179 12
6180 14
6181 13
6182 2
6183 17
6184 3
6185 4
6186 16
6187 16
6188 16
6189 13
6190 10
6191 16
6192 4
6193 8
6194 3
6195 1
6196 12
6197 10
6198 11
6199 10
6200 12
6201 3
6202 1
6203 16
6204 7
6205 1
6206 12
6207 9
6208 2
6209 15
6210 1
6211 8
6212 16
6213 2
6214 8
6215 13
6216 7
6217 6
6218 19
6219 3
6220 6
6221 12
6222 11
6223 5
6224 11
6225 14
6226 18
6227 14
6228 15
6229 15
6230 9
6231 12
6232 12
6233 13
6234 19
6235 14
6236 6
6237 13
6238 17
6239 16
6240 6
6241 2
6242 3
6243 3
6244 2
6245 1
6246 19
6247 6
6248 9
6249 7
6250 5
6251 9
6252 14
6253 6
6254 3
6255 4
6256 10
6257 5
6258 6
6259 18
6260 3
6261 19
6262 16
6263 18
6264 6
6265 7
6266 15
6267 1
6268 4
6269 9
6270 13
6271 2
6272 5
6273 15
6274 10
6275 14
6276 13
6277 6
6278 3
6279 4
6280 8
6281 11
6282 1
6283 20
6284 8
6285 10
6286 6
6287 6
6288 12
6289 5
6290 17
6291 6
6292 15
6293 12
6294 12
6295 9
6296 5
6297 12
6298 20
6299 7
6300 1
6301 13
6302 9
6303 10
6304 8
6305 5
6306 4
6307 17
6308 5
6309 10
6310 5
6311 2
6312 9
6313 7
6314 14
6315 17
6316 5
6317 17
6318 15
6319 7
6320 17
6321 7
6322 1
6323 14
6324 8
6325 4
6326 4
6327 1
6328 6
6329 20
6330 16
6331 6
6332 8
6333 10
6334 7
6335 2
6336 6
6337 20
6338 19
6339 16
6340 13
6341 4
6342 19
6343 6
6344 12
6345 1
6346 14
6347 16
6348 8
6349 13
6350 8
6351 15
6352 19
6353 18
6354 12
6355 17
6356 17
6357 10
6358 6
6359 14
6360 8
6361 16
6362 6
6363 15
6364 6
6365 11
6366 9
6367 4
6368 12
6369 1
6370 13
6371 7
6372 6
6373 4
6374 11
6375 10
6376 16
6377 16
6378 4
6379 9
6380 7
6381 9
6382 4
6383 13
6384 15
6385 6
6386 12
6387 1
6388 7
6389 7
6390 17
6391 15
6392 16
6393 7
6394 14
6395 17
6396 3
6397 12
6398 17
6399 9
6400 18
6401 11
6402 4
6403 5
6404 7
6405 7
6406 11
6407 3
6408 17
6409 9
6410 8
6411 16
6412 7
6413 18
6414 19
6415 19
6416 4
6417 4
6418 4
6419 12
6420 14
6421 14
6422 1
6423 6
6424 9
6425 13
6426 20
6427 6
6428 6
6429 14
6430 9
6431 1
6432 3
6433 14
6434 11
6435 7
6436 9
6437 4
6438 5
6439 9
6440 17
6441 14
6442 10
6443 4
6444 18
6445 15
6446 18
6447 7
6448 4
6449 7
6450 19
6451 15
6452 1
6453 3
6454 14
6455 1
6456 8
6457 18
6458 20
6459 8
6460 11
6461 16
6462 19
6463 11
6464 7
6465 3
6466 14
6467 9
6468 15
6469 11
6470 7
6471 15
6472 1
6473 2
6474 6
6475 6
6476 16
6477 16
6478 19
6479 10
6480 11
6481 11
6482 11
6483 10
6484 1
6485 10
6486 13
6487 5
6488 9
6489 7
6490 14
6491 8
6492 7
6493 6
6494 17
6495 9
6496 12
6497 16
6498 9
6499 19
6500 18
6501 1
6502 19
6503 11
6504 16
6505 10
6506 16
6507 2
6508 5
6509 5
6510 11
6511 8
6512 10
6513 8
6514 7
6515 1
6516 13
6517 12
6518 16
6519 2
6520 15
6521 19
6522 14
6523 14
6524 18
6525 9
6526 14
6527 5
6528 19
6529 20
6530 16
6531 13
6532 10
6533 17
6534 4
6535 3
6536 4
6537 20
6538 17
6539 12
6540 12
6541 7
6542 6
6543 5
6544 17
6545 11
6546 3
6547 16
6548 10
6549 20
6550 12
6551 19
6552 7
6553 14
6554 13
6555 10
6556 7
6557 4
6558 9
6559 8
6560 3
6561 20
6562 15
6563 18
6564 10
6565 19
6566 10
6567 8
6568 1
6569 18
6570 3
6571 20
6572 17
6573 5
6574 17
6575 12
6576 15
6577 7
6578 11
6579 2
6580 11
6581 18
6582 14
6583 2
6584 16
6585 1
6586 13
6587 4
6588 7
6589 19
6590 8
6591 2
6592 2
6593 18
6594 18
6595 4
6596 15
6597 3
6598 1
6599 6
6600 12
6601 4
6602 15
6603 14
6604 17
6605 19
6606 14
6607 14
6608 16
6609 5
6610 19
6611 20
6612 13
6613 15
6614 4
6615 13
6616 15
6617 3
6618 3
6619 11
6620 1
6621 15
6622 14
6623 14
6624 16
6625 13
6626 1
6627 17
6628 16
6629 6
6630 9
6631 20
6632 17
6633 17
6634 18
6635 9
6636 20
6637 14
6638 6
6639 15
6640 6
6641 4
6642 11
6643 6
6644 16
6645 6
6646 7
6647 1
6648 7
6649 13
6650 20
6651 8
6652 10
6653 14
6654 3
6655 6
6656 6
6657 6
6658 8
6659 6
6660 10
6661 19
6662 2
6663 8
6664 15
6665 1
6666 6
6667 6
6668 1
6669 5
6670 18
6671 7
6672 10
6673 12
6674 20
6675 8
6676 7
6677 15
6678 12
6679 2
6680 17
6681 9
6682 14
6683 3
6684 13
6685 7
6686 3
6687 20
6688 8
6689 11
6690 7
6691 10
6692 12
6693 19
6694 4
6695 12
6696 3
6697 12
6698 13
6699 17
6700 5
6701 16
6702 13
6703 18
6704 3
6705 1
6706 12
6707 6
6708 10
6709 7
6710 2
6711 3
6712 9
6713 1
6714 3
6715 16
6716 3
6717 7
6718 6
6719 1
6720 1
6721 14
6722 7
6723 7
6724 19
6725 17
6726 7
6727 13
6728 12
6729 2
6730 9
6731 6
6732 3
6733 12
6734 14
6735 15
6736 11
6737 20
6738 12
6739 7
6740 10
6741 1
6742 8
6743 10
6744 10
6745 5
6746 1
6747 11
6748 16
6749 12
6750 9
6751 5
6752 17
6753 3
6754 14
6755 19
6756 14
6757 13
6758 7
6759 11
6760 7
6761 12
6762 20
6763 16
6764 12
6765 16
6766 19
6767 12
6768 14
6769 4
6770 13
6771 4
6772 11
6773 5
6774 12
6775 1
6776 4
6777 3
6778 14
6779 19
6780 19
6781 1
6782 18
6783 20
6784 18
6785 20
6786 5
6787 3
6788 10
6789 11
6790 20
6791 18
6792 11
6793 18
6794 17
6795 8
6796 3
6797 12
6798 19
6799 7
6800 9
6801 13
6802 9
6803 5
6804 8
6805 4
6806 5
6807 13
6808 8
6809 9
6810 5
6811 9
6812 9
6813 18
6814 14
6815 14
6816 2
6817 3
6818 13
6819 19
6820 3
6821 16
6822 15
6823 9
6824 5
6825 6
6826 15
6827 11
6828 17
6829 1
6830 18
6831 9
6832 12
6833 4
6834 6
6835 10
6836 2
6837 13
6838 3
6839 6
6840 2
6841 10
6842 10
6843 17
6844 13
6845 8
6846 14
6847 2
6848 17
6849 4
6850 20
6851 19
6852 20
6853 15
6854 10
6855 1
6856 9
6857 18
6858 16
6859 3
6860 2
6861 5
6862 11
6863 10
6864 6
6865 8
6866 14
6867 19
6868 5
6869 12
6870 10
6871 16
6872 14
6873 7
6874 8
6875 15
6876 4
6877 2
6878 16
6879 9
6880 12
6881 17
6882 12
6883 3
6884 6
6885 8
6886 18
6887 3
6888 14
6889 17
6890 11
6891 4
6892 1
6893 19
6894 12
6895 1
6896 12
6897 1
6898 11
6899 3
6900 4
6901 13
6902 14
6903 2
6904 10
6905 19
6906 13
6907 3
6908 5
6909 16
6910 18
6911 7
6912 18
6913 16
6914 12
6915 2
6916 8
6917 8
6918 4
6919 13
6920 16
6921 20
6922 16
6923 4
6924 18
6925 20
6926 4
6927 16
6928 5
6929 20
6930 12
6931 16
6932 3
6933 9
6934 11
6935 6
6936 5
6937 14
6938 12
6939 9
6940 1
6941 19
6942 18
6943 20
6944 9
6945 4
6946 16
6947 5
6948 15
6949 10
6950 19
6951 15
6952 17
6953 6
6954 11
6955 1
6956 15
6957 18
6958 4
6959 1
6960 14
6961 12
6962 4
6963 16
6964 15
6965 19
6966 5
6967 2
6968 17
6969 20
6970 1
6971 4
6972 4
6973 6
6974 14
6975 4
6976 14
6977 2
6978 15
6979 8
6980 6
6981 14
6982 18
6983 11
6984 10
6985 15
6986 8
6987 1
6988 5
6989 16
6990 10
6991 13
6992 6
6993 13
6994 17
6995 4
6996 12
6997 4
6998 16
6999 3
7000 14
7001 6
7002 4
7003 17
7004 13
7005 5
7006 12
7007 2
7008 7
7009 1
7010 11
7011 19
7012 18
7013 13
7014 3
7015 3
7016 14
7017 15
7018 11
7019 18
7020 15
7021 2
7022 7
7023 20
7024 6
7025 7
7026 14
7027 16
7028 9
7029 14
7030 8
7031 9
7032 6
7033 7
7034 6
7035 12
7036 20
7037 13
7038 14
7039 19
7040 12
7041 13
7042 11
7043 2
7044 15
7045 10
7046 9
7047 4
7048 3
7049 3
7050 13
7051 17
7052 11
7053 5
7054 11
7055 9
7056 10
7057 3
7058 15
7059 19
7060 3
7061 7
7062 5
7063 7
7064 18
7065 20
7066 9
7067 17
7068 3
7069 1
7070 3
7071 19
7072 20
7073 19
7074 19
7075 8
7076 16
7077 13
7078 19
7079 6
7080 17
7081 6
7082 20
7083 5
7084 1
7085 4
7086 11
7087 10
7088 9
7089 12
7090 4
7091 11
7092 6
7093 3
7094 4
7095 3
7096 17
7097 3
7098 6
7099 15
7100 7
7101 17
7102 15
7103 10
7104 12
7105 17
7106 15
7107 11
7108 9
7109 18
7110 7
7111 13
7112 5
7113 13
7114 1
7115 12
7116 14
7117 16
7118 5
7119 9
7120 12
7121 7
7122 17
7123 10
7124 1
7125 1
7126 3
7127 11
7128 8
7129 10
7130 6
7131 20
7132 15
7133 5
7134 14
7135 8
7136 20
7137 2
7138 3
7139 13
7140 4
7141 14
7142 12
7143 17
7144 7
7145 14
7146 17
7147 20
7148 18
7149 7
7150 14
7151 15
7152 2
7153 15
7154 15
7155 13
7156 4
7157 5
7158 12
7159 8
7160 6
7161 5
7162 3
7163 10
7164 1
7165 6
7166 20
7167 16
7168 19
7169 15
7170 8
7171 11
7172 10
7173 4
7174 14
7175 13
7176 14
7177 3
7178 6
7179 18
7180 4
7181 19
7182 19
7183 16
7184 8
7185 8
7186 20
7187 4
7188 4
7189 15
7190 13
7191 2
7192 5
7193 14
7194 19
7195 18
7196 9
7197 19
7198 5
7199 4
7200 9
7201 10
7202 20
7203 12
7204 18
7205 17
7206 17
7207 15
7208 15
7209 8
7210 2
7211 14
7212 5
7213 12
7214 3
7215 4
7216 5
7217 2
7218 17
7219 2
7220 13
7221 7
7222 16
7223 17
7224 13
7225 19
7226 16
7227 8
7228 4
7229 13
7230 13
7231 18
7232 8
7233 14
7234 12
7235 6
7236 10
7237 4
7238 2
7239 17
7240 1
7241 15
7242 7
7243 8
7244 16
7245 4
7246 13
7247 14
7248 14
7249 10
7250 6
7251 17
7252 2
7253 6
7254 8
7255 12
7256 15
7257 16
7258 12
7259 3
7260 2
7261 7
7262 20
7263 3
7264 9
7265 3
7266 13
7267 15
7268 2
7269 17
7270 7
7271 4
7272 9
7273 2
7274 19
7275 3
7276 18
7277 13
7278 15
7279 20
7280 14
7281 15
7282 4
7283 19
7284 20
7285 20
7286 4
7287 12
7288 11
7289 7
7290 13
7291 9
7292 10
7293 9
7294 6
7295 18
7296 11
7297 14
7298 5
7299 4
7300 7
7301 16
7302 5
7303 11
7304 18
7305 8
7306 4
7307 13
7308 14
7309 10
7310 8
7311 20
7312 11
7313 1
7314 1
7315 5
7316 2
7317 11
7318 10
7319 9
7320 20
7321 2
7322 5
7323 4
7324 5
7325 7
7326 8
7327 13
7328 7
7329 6
7330 18
7331 9
7332 9
7333 10
7334 8
7335 12
7336 13
7337 6
7338 12
7339 12
7340 5
7341 20
7342 20
7343 15
7344 10
7345 9
7346 19
7347 11
7348 17
7349 17
7350 17
7351 7
7352 11
7353 16
7354 15
7355 5
7356 14
7357 10
7358 16
7359 2
7360 20
7361 11
7362 14
7363 14
7364 7
7365 2
7366 1
7367 5
7368 2
7369 3
7370 10
7371 13
7372 3
7373 10
7374 14
7375 5
7376 9
7377 6
7378 20
7379 20
7380 12
7381 17
7382 17
7383 6
7384 11
7385 10
7386 11
7387 16
7388 10
7389 13
7390 4
7391 15
7392 12
7393 18
7394 11
7395 15
7396 6
7397 4
7398 2
7399 3
7400 8
7401 15
7402 6
7403 4
7404 3
7405 8
7406 12
7407 13
7408 12
7409 12
7410 18
7411 10
7412 12
7413 20
7414 18
7415 14
7416 5
7417 3
7418 5
7419 1
7420 8
7421 20
7422 14
7423 2
7424 3
7425 10
7426 15
7427 15
7428 9
7429 9
7430 17
7431 6
7432 16
7433 7
7434 16
7435 12
7436 10
7437 18
7438 1
7439 17
7440 2
7441 8
7442 4
7443 15
7444 1
7445 5
7446 16
7447 10
7448 4
7449 15
7450 5
7451 7
7452 17
7453 12
7454 12
7455 19
7456 18
7457 3
7458 20
7459 15
7460 13
7461 16
7462 16
7463 18
7464 5
7465 17
7466 12
7467 3
7468 3
7469 17
7470 14
7471 3
7472 20
7473 1
7474 2
7475 12
7476 2
7477 16
7478 15
7479 3
7480 17
7481 19
7482 7
7483 8
7484 17
7485 12
7486 16
7487 8
7488 13
7489 5
7490 1
7491 19
7492 9
7493 17
7494 1
7495 6
7496 20
7497 20
7498 14
7499 11
7500 15
7501 20
7502 9
7503 8
7504 10
7505 7
7506 11
7507 9
7508 8
7509 5
7510 15
7511 13
7512 12
7513 9
7514 15
7515 18
7516 11
7517 20
7518 12
7519 7
7520 7
7521 9
7522 6
7523 15
7524 18
7525 1
7526 3
7527 8
7528 12
7529 9
7530 6
7531 1
7532 17
7533 12
7534 7
7535 8
7536 11
7537 14
7538 13
7539 2
7540 10
7541 13
7542 20
7543 20
7544 20
7545 19
7546 5
7547 14
7548 3
7549 9
7550 15
7551 18
7552 17
7553 19
7554 7
7555 11
7556 4
7557 7
7558 17
7559 2
7560 10
7561 2
7562 12
7563 13
7564 18
7565 4
7566 8
7567 14
7568 3
7569 11
7570 11
7571 11
7572 9
7573 19
7574 15
7575 3
7576 14
7577 5
7578 17
7579 11
7580 18
7581 5
7582 1
7583 19
7584 14
7585 9
7586 20
7587 10
7588 6
7589 7
7590 9
7591 13
7592 13
7593 10
7594 9
7595 7
7596 17
7597 4
7598 5
7599 20
7600 15
7601 9
7602 9
7603 7
7604 4
7605 19
7606 6
7607 4
7608 13
7609 6
7610 8
7611 19
7612 12
7613 15
7614 13
7615 3
7616 19
7617 5
7618 9
7619 6
7620 20
7621 5
7622 6
7623 13
7624 10
7625 5
7626 15
7627 6
7628 12
7629 20
7630 20
7631 16
7632 7
7633 13
7634 4
7635 3
7636 12
7637 6
7638 19
7639 5
7640 10
7641 14
7642 20
7643 12
7644 5
7645 20
7646 1
7647 17
7648 20
7649 6
7650 10
7651 1
7652 8
7653 2
7654 8
7655 18
7656 9
7657 4
7658 7
7659 11
7660 8
7661 17
7662 10
7663 11
7664 10
7665 18
7666 18
7667 7
7668 5
7669 3
7670 20
7671 3
7672 20
7673 1
7674 6
7675 8
7676 15
7677 14
7678 8
7679 7
7680 8
7681 8
7682 19
7683 8
7684 15
7685 5
7686 3
7687 7
7688 13
7689 14
7690 10
7691 14
7692 3
7693 6
7694 12
7695 5
7696 17
7697 12
7698 8
7699 7
7700 18
7701 18
7702 3
7703 2
7704 8
7705 12
7706 19
7707 13
7708 9
7709 4
7710 2
7711 19
7712 7
7713 20
7714 9
7715 2
7716 20
7717 11
7718 3
7719 9
7720 19
7721 11
7722 2
7723 19
7724 1
7725 19
7726 5
7727 14
7728 19
7729 11
7730 6
7731 3
7732 15
7733 20
7734 14
7735 14
7736 14
7737 2
7738 17
7739 15
7740 1
7741 19
7742 4
7743 10
7744 10
7745 13
7746 2
7747 5
7748 17
7749 3
7750 4
7751 16
7752 2
7753 4
7754 13
7755 18
7756 13
7757 4
7758 8
7759 9
7760 1
7761 16
7762 1
7763 2
7764 13
7765 16
7766 7
7767 10
7768 9
7769 15
7770 6
7771 4
7772 11
7773 1
7774 12
7775 20
7776 1
7777 12
7778 7
7779 15
7780 18
7781 13
7782 11
7783 12
7784 15
7785 4
7786 2
7787 15
7788 8
7789 18
7790 15
7791 20
7792 7
7793 10
7794 11
7795 13
7796 4
7797 14
7798 1
7799 3
7800 5
7801 20
7802 5
7803 7
7804 17
7805 5
7806 19
7807 1
7808 3
7809 3
7810 17
7811 13
7812 20
7813 9
7814 18
7815 5
7816 9
7817 11
7818 20
7819 13
7820 14
7821 13
7822 5
7823 17
7824 8
7825 1
7826 5
7827 8
7828 3
7829 19
7830 15
7831 18
7832 12
7833 11
7834 14
7835 11
7836 16
7837 12
7838 1
7839 16
7840 1
7841 16
7842 14
7843 7
7844 15
7845 20
7846 6
7847 6
7848 17
7849 6
7850 13
7851 5
7852 2
7853 11
7854 6
7855 9
7856 5
7857 14
7858 8
7859 7
7860 3
7861 6
7862 19
7863 12
7864 7
7865 15
7866 4
7867 17
7868 3
7869 16
7870 3
7871 19
7872 3
7873 3
7874 4
7875 9
7876 2
7877 1
7878 12
7879 5
7880 3
7881 16
7882 16
7883 15
7884 12
7885 6
7886 6
7887 19
7888 9
7889 12
7890 19
7891 10
7892 12
7893 7
7894 4
7895 4
7896 9
7897 5
7898 1
7899 5
7900 11
7901 16
7902 11
7903 12
7904 4
7905 10
7906 1
7907 19
7908 6
7909 4
7910 10
7911 16
7912 18
7913 9
7914 5
7915 19
7916 5
7917 17
7918 8
7919 17
7920 20
7921 7
7922 13
7923 16
7924 13
7925 10
7926 10
7927 13
7928 4
7929 7
7930 20
7931 3
7932 7
7933 4
7934 7
7935 20
7936 20
7937 15
7938 15
7939 8
7940 2
7941 2
7942 2
7943 12
7944 19
7945 5
7946 8
7947 1
7948 9
7949 17
7950 7
7951 5
7952 16
7953 12
7954 20
7955 19
7956 2
7957 12
7958 13
7959 18
7960 16
7961 12
7962 17
7963 10
7964 13
7965 13
7966 17
7967 15
7968 20
7969 9
7970 17
7971 17
7972 3
7973 10
7974 2
7975 17
7976 9
7977 13
7978 9
7979 4
7980 19
7981 13
7982 20
7983 13
7984 15
7985 9
7986 15
7987 9
7988 20
7989 20
7990 5
7991 8
7992 2
7993 5
7994 8
7995 19
7996 9
7997 2
7998 7
7999 12
8000 4
8001 5
8002 7
8003 6
8004 4
8005 8
8006 16
8007 10
8008 17
8009 4
8010 4
8011 17
8012 4
8013 1
8014 12
8015 15
8016 13
8017 9
8018 18
8019 7
8020 15
8021 3
8022 18
8023 3
8024 6
8025 9
8026 17
8027 19
8028 16
8029 19
8030 16
8031 17
8032 11
8033 10
8034 5
8035 11
8036 14
8037 5
8038 2
8039 5
8040 18
8041 3
8042 9
8043 12
8044 19
8045 5
8046 15
8047 12
8048 3
8049 9
8050 1
8051 5
8052 2
8053 16
8054 5
8055 3
8056 19
8057 4
8058 13
8059 11
8060 6
8061 16
8062 3
8063 16
8064 18
8065 16
8066 19
8067 20
8068 17
8069 20
8070 18
8071 4
8072 9
8073 8
8074 16
8075 9
8076 9
8077 14
8078 17
8079 15
8080 17
8081 15
8082 4
8083 18
8084 18
8085 15
8086 20
8087 16
8088 5
8089 2
8090 18
8091 14
8092 18
8093 10
8094 2
8095 10
8096 12
8097 11
8098 13
8099 16
8100 20
8101 5
8102 7
8103 8
8104 9
8105 10
8106 18
8107 12
8108 6
8109 11
8110 7
8111 10
8112 10
8113 14
8114 15
8115 16
8116 7
8117 16
8118 8
8119 5
8120 14
8121 4
8122 9
8123 15
8124 17
8125 9
8126 4
8127 7
8128 10
8129 12
8130 15
8131 5
8132 15
8133 5
8134 1
8135 5
8136 7
8137 10
8138 13
8139 16
8140 13
8141 20
8142 19
8143 11
8144 2
8145 11
8146 6
8147 1
8148 11
8149 12
8150 14
8151 19
8152 8
8153 13
8154 18
8155 9
8156 14
8157 3
8158 5
8159 3
8160 16
8161 6
8162 13
8163 17
8164 8
8165 18
8166 12
8167 2
8168 11
8169 6
8170 10
8171 3
8172 2
8173 10
8174 7
8175 15
8176 11
8177 20
8178 17
8179 10
8180 13
8181 18
8182 20
8183 2
8184 3
8185 5
8186 18
8187 13
8188 14
8189 14
8190 9
8191 5
8192 13
8193 18
8194 19
8195 17
8196 8
8197 15
8198 16
8199 9
8200 4
8201 17
8202 2
8203 15
8204 15
8205 16
8206 13
8207 14
8208 18
8209 16
8210 4
8211 3
8212 7
8213 10
8214 20
8215 2
8216 8
8217 13
8218 15
8219 7
8220 1
8221 13
8222 8
8223 18
8224 13
8225 15
8226 5
8227 16
8228 10
8229 9
8230 1
8231 4
8232 7
8233 11
8234 7
8235 1
8236 1
8237 6
8238 19
8239 8
8240 6
8241 16
8242 19
8243 15
8244 14
8245 9
8246 8
8247 3
8248 2
8249 4
8250 11
8251 15
8252 2
8253 16
8254 6
8255 19
8256 13
8257 17
8258 4
8259 12
8260 12
8261 6
8262 15
8263 8
8264 7
8265 9
8266 7
8267 20
8268 7
8269 5
8270 19
8271 12
8272 13
8273 18
8274 15
8275 12
8276 1
8277 6
8278 6
8279 16
8280 2
8281 6
8282 17
8283 9
8284 17
8285 16
8286 19
8287 5
8288 9
8289 20
8290 10
8291 7
8292 14
8293 17
8294 6
8295 9
8296 5
8297 2
8298 9
8299 10
8300 14
8301 20
8302 3
8303 19
8304 3
8305 9
8306 14
8307 16
8308 9
8309 17
8310 13
8311 3
8312 20
8313 8
8314 8
8315 4
8316 11
8317 8
8318 16
8319 15
8320 4
8321 1
8322 12
8323 6
8324 13
8325 2
8326 11
8327 19
8328 16
8329 14
8330 4
8331 9
8332 17
8333 3
8334 10
8335 18
8336 9
8337 1
8338 10
8339 12
8340 5
8341 2
8342 13
8343 18
8344 3
8345 17
8346 10
8347 2
8348 4
8349 1
8350 15
8351 16
8352 7
8353 11
8354 7
8355 5
8356 1
8357 18
8358 8
8359 5
8360 17
8361 5
8362 10
8363 14
8364 14
8365 19
8366 16
8367 19
8368 3
8369 7
8370 13
8371 8
8372 6
8373 2
8374 18
8375 2
8376 16
8377 9
8378 18
8379 17
8380 19
8381 1
8382 5
8383 15
8384 6
8385 18
8386 5
8387 8
8388 9
8389 8
8390 2
8391 20
8392 16
8393 16
8394 2
8395 9
8396 17
8397 2
8398 5
8399 14
8400 4
8401 14
8402 17
8403 15
8404 11
8405 8
8406 15
8407 10
8408 6
8409 12
8410 12
8411 14
8412 13
8413 18
8414 3
8415 9
8416 15
8417 3
8418 20
8419 11
8420 6
8421 8
8422 14
8423 16
8424 16
8425 18
8426 12
8427 18
8428 3
8429 7
8430 9
8431 5
8432 5
8433 10
8434 16
8435 3
8436 1
8437 1
8438 10
8439 16
8440 2
8441 11
8442 12
8443 16
8444 5
8445 16
8446 7
8447 2
8448 17
8449 1
8450 11
8451 9
8452 7
8453 7
8454 6
8455 1
8456 10
8457 20
8458 4
8459 5
8460 16
8461 3
8462 12
8463 18
8464 17
8465 8
8466 8
8467 6
8468 4
8469 8
8470 14
8471 10
8472 8
8473 9
8474 18
8475 9
8476 16
8477 1
8478 15
8479 6
8480 2
8481 12
8482 14
8483 19
8484 5
8485 4
8486 4
8487 11
8488 1
8489 1
8490 14
8491 17
8492 15
8493 16
8494 2
8495 3
8496 17
8497 2
8498 20
8499 1
8500 3
8501 13
8502 4
8503 13
8504 19
8505 7
8506 6
8507 19
8508 10
8509 7
8510 5
8511 9
8512 19
8513 12
8514 16
8515 17
8516 11
8517 15
8518 3
8519 14
8520 14
8521 1
8522 6
8523 7
8524 13
8525 5
8526 15
8527 14
8528 12
8529 11
8530 20
8531 4
8532 7
8533 8
8534 6
8535 13
8536 19
8537 12
8538 20
8539 11
8540 14
8541 10
8542 3
8543 10
8544 7
8545 6
8546 15
8547 3
8548 10
8549 5
8550 18
8551 13
8552 4
8553 4
8554 20
8555 4
8556 2
8557 10
8558 11
8559 19
8560 15
8561 4
8562 20
8563 11
8564 11
8565 14
8566 17
8567 10
8568 1
8569 20
8570 16
8571 1
8572 1
8573 16
8574 12
8575 18
8576 3
8577 5
8578 10
8579 1
8580 14
8581 5
8582 3
8583 1
8584 16
8585 11
8586 16
8587 17
8588 20
8589 16
8590 10
8591 16
8592 18
8593 15
8594 4
8595 2
8596 4
8597 2
8598 1
8599 16
8600 9
8601 7
8602 10
8603 5
8604 18
8605 15
8606 20
8607 9
8608 6
8609 2
8610 9
8611 6
8612 18
8613 15
8614 5
8615 2
8616 5
8617 13
8618 15
8619 1
8620 6
8621 18
8622 5
8623 4
8624 16
8625 11
8626 12
8627 12
8628 5
8629 13
8630 15
8631 18
8632 2
8633 14
8634 6
8635 11
8636 6
8637 2
8638 2
8639 15
8640 17
8641 8
8642 8
8643 12
8644 14
8645 12
8646 20
8647 8
8648 13
8649 19
8650 19
8651 7
8652 6
8653 9
8654 2
8655 18
8656 10
8657 1
8658 16
8659 10
8660 3
8661 5
8662 13
8663 9
8664 9
8665 20
8666 1
8667 10
8668 8
8669 10
8670 4
8671 16
8672 7
8673 15
8674 11
8675 5
8676 12
8677 2
8678 16
8679 3
8680 5
8681 7
8682 13
8683 14
8684 1
8685 7
8686 3
8687 19
8688 11
8689 3
8690 16
8691 16
8692 17
8693 20
8694 13
8695 9
8696 2
8697 1
8698 9
8699 15
8700 17
8701 10
8702 1
8703 3
8704 5
8705 19
8706 11
8707 10
8708 17
8709 8
8710 5
8711 18
8712 7
8713 15
8714 2
8715 19
8716 2
8717 2
8718 6
8719 15
8720 4
8721 8
8722 8
8723 6
8724 5
8725 6
8726 17
8727 10
8728 15
8729 18
8730 16
8731 2
8732 8
8733 14
8734 1
8735 18
8736 7
8737 1
8738 6
8739 18
8740 16
8741 3
8742 19
8743 11
8744 7
8745 19
8746 16
8747 10
8748 5
8749 18
8750 1
8751 6
8752 16
8753 17
8754 17
8755 20
8756 8
8757 9
8758 15
8759 16
8760 11
8761 18
8762 16
8763 19
8764 6
8765 14
8766 13
8767 3
8768 4
8769 8
8770 17
8771 19
8772 15
8773 1
8774 10
8775 4
8776 16
8777 17
8778 9
8779 3
8780 16
8781 5
8782 6
8783 11
8784 16
8785 4
8786 17
8787 17
8788 16
8789 7
8790 5
8791 14
8792 12
8793 5
8794 15
8795 2
8796 19
8797 19
8798 7
8799 11
8800 17
8801 8
8802 1
8803 11
8804 6
8805 13
8806 6
8807 13
8808 7
8809 11
8810 8
8811 17
8812 17
8813 1
8814 15
8815 7
8816 4
8817 20
8818 1
8819 18
8820 1
8821 11
8822 1
8823 2
8824 15
8825 16
8826 4
8827 2
8828 10
8829 8
8830 8
8831 2
8832 5
8833 6
8834 20
8835 15
8836 6
8837 3
8838 19
8839 12
8840 8
8841 8
8842 20
8843 2
8844 8
8845 9
8846 11
8847 11
8848 15
8849 5
8850 6
8851 19
8852 14
8853 6
8854 2
8855 18
8856 15
8857 18
8858 2
8859 4
8860 20
8861 14
8862 8
8863 19
8864 1
8865 1
8866 20
8867 11
8868 15
8869 12
8870 2
8871 8
8872 2
8873 5
8874 3
8875 16
8876 14
8877 10
8878 18
8879 16
8880 17
8881 12
8882 14
8883 4
8884 20
8885 15
8886 12
8887 7
8888 5
8889 15
8890 3
8891 20
8892 12
8893 3
8894 4
8895 8
8896 8
8897 17
8898 15
8899 7
8900 16
8901 19
8902 13
8903 12
8904 17
8905 5
8906 8
8907 16
8908 11
8909 15
8910 12
8911 17
8912 15
8913 4
8914 11
8915 1
8916 11
8917 18
8918 19
8919 4
8920 16
8921 4
8922 10
8923 10
8924 3
8925 13
8926 14
8927 19
8928 19
8929 7
8930 19
8931 15
8932 18
8933 5
8934 2
8935 17
8936 18
8937 16
8938 15
8939 5
8940 2
8941 8
8942 1
8943 5
8944 5
8945 17
8946 8
8947 14
8948 14
8949 16
8950 19
8951 19
8952 13
8953 15
8954 7
8955 10
8956 4
8957 8
8958 4
8959 9
8960 18
8961 14
8962 2
8963 6
8964 12
8965 12
8966 3
8967 3
8968 9
8969 19
8970 20
8971 9
8972 11
8973 17
8974 17
8975 19
8976 6
8977 19
8978 12
8979 10
8980 9
8981 15
8982 20
8983 18
8984 3
8985 15
8986 10
8987 4
8988 20
8989 6
8990 16
8991 17
8992 8
8993 14
8994 2
8995 1
8996 19
8997 18
8998 2
8999 2
9000 1
9001 20
9002 7
9003 2
9004 12
9005 15
9006 8
9007 12
9008 15
9009 15
9010 13
9011 2
9012 5
9013 13
9014 2
9015 15
9016 19
9017 5
9018 19
9019 19
9020 3
9021 9
9022 12
9023 13
9024 18
9025 4
9026 14
9027 12
9028 2
9029 10
9030 1
9031 5
9032 7
9033 6
9034 12
9035 2
9036 14
9037 13
9038 18
9039 16
9040 12
9041 5
9042 18
9043 2
9044 10
9045 10
9046 9
9047 15
9048 9
9049 11
9050 14
9051 16
9052 12
9053 16
9054 15
9055 20
9056 19
9057 19
9058 18
9059 11
9060 2
9061 1
9062 2
9063 14
9064 18
9065 6
9066 11
9067 11
9068 16
9069 8
9070 11
9071 3
9072 8
9073 15
9074 19
9075 2
9076 19
9077 17
9078 1
9079 1
9080 20
9081 20
9082 15
9083 19
9084 7
9085 8
9086 8
9087 9
9088 12
9089 7
9090 18
9091 10
9092 3
9093 14
9094 12
9095 3
9096 11
9097 2
9098 20
9099 6
9100 4
9101 18
9102 3
9103 17
9104 19
9105 3
9106 8
9107 13
9108 1
9109 2
9110 19
9111 12
9112 1
9113 16
9114 7
9115 4
9116 10
9117 20
9118 13
9119 9
9120 4
9121 12
9122 10
9123 20
9124 12
9125 5
9126 11
9127 5
9128 2
9129 1
9130 3
9131 14
9132 18
9133 6
9134 3
9135 17
9136 10
9137 12
9138 13
9139 1
9140 7
9141 1
9142 1
9143 19
9144 3
9145 12
9146 12
9147 6
9148 6
9149 12
9150 13
9151 8
9152 20
9153 11
9154 2
9155 7
9156 9
9157 19
9158 3
9159 12
9160 10
9161 19
9162 9
9163 13
9164 3
9165 5
9166 17
9167 1
9168 17
9169 3
9170 2
9171 4
9172 2
9173 19
9174 12
9175 20
9176 19
9177 15
9178 7
9179 7
9180 6
9181 5
9182 20
9183 5
9184 15
9185 19
9186 14
9187 1
9188 4
9189 15
9190 11
9191 15
9192 19
9193 1
9194 8
9195 17
9196 11
9197 13
9198 7
9199 19
9200 3
9201 18
9202 19
9203 11
9204 18
9205 19
9206 9
9207 1
9208 16
9209 6
9210 1
9211 17
9212 12
9213 10
9214 6
9215 2
9216 14
9217 9
9218 14
9219 15
9220 2
9221 9
9222 2
9223 4
9224 14
9225 6
9226 18
9227 15
9228 1
9229 9
9230 15
9231 8
9232 9
9233 7
9234 20
9235 10
9236 18
9237 17
9238 2
9239 18
9240 11
9241 7
9242 20
9243 9
9244 20
9245 7
9246 11
9247 1
9248 9
9249 19
9250 15
9251 16
9252 10
9253 9
9254 9
9255 17
9256 19
9257 14
9258 5
9259 15
9260 14
9261 9
9262 3
9263 7
9264 18
9265 6
9266 18
9267 8
9268 11
9269 14
9270 17
9271 9
9272 16
9273 12
9274 10
9275 7
9276 7
9277 12
9278 11
9279 3
9280 11
9281 4
9282 3
9283 6
9284 6
9285 20
9286 5
9287 3
9288 17
9289 2
9290 11
9291 13
9292 9
9293 5
9294 9
9295 18
9296 11
9297 6
9298 11
9299 11
9300 20
9301 1
9302 5
9303 1
9304 2
9305 5
9306 17
9307 2
9308 5
9309 10
9310 14
9311 12
9312 13
9313 5
9314 19
9315 19
9316 18
9317 1
9318 6
9319 14
9320 5
9321 5
9322 2
9323 8
9324 3
9325 18
9326 19
9327 19
9328 8
9329 15
9330 4
9331 9
9332 2
9333 6
9334 13
9335 17
9336 17
9337 20
9338 11
9339 8
9340 5
9341 4
9342 5
9343 20
9344 6
9345 8
9346 4
9347 20
9348 7
9349 12
9350 8
9351 6
9352 11
9353 7
9354 16
9355 10
9356 15
9357 20
9358 20
9359 7
9360 16
9361 17
9362 2
9363 19
9364 4
9365 6
9366 11
9367 2
9368 6
9369 15
9370 3
9371 11
9372 11
9373 2
9374 2
9375 19
9376 15
9377 16
9378 12
9379 5
9380 9
9381 14
9382 12
9383 2
9384 2
9385 5
9386 20
9387 5
9388 10
9389 13
9390 12
9391 10
9392 8
9393 5
9394 4
9395 5
9396 15
9397 11
9398 14
9399 8
9400 13
9401 17
9402 13
9403 12
9404 13
9405 17
9406 18
9407 20
9408 3
9409 9
9410 17
9411 18
9412 11
9413 6
9414 12
9415 12
9416 14
9417 2
9418 6
9419 14
9420 12
9421 7
9422 7
9423 12
9424 3
9425 2
9426 5
9427 15
9428 10
9429 20
9430 14
9431 15
9432 18
9433 15
9434 16
9435 15
9436 9
9437 20
9438 6
9439 20
9440 15
9441 16
9442 17
9443 15
9444 10
9445 5
9446 5
9447 18
9448 8
9449 18
9450 14
9451 17
9452 8
9453 17
9454 9
9455 17
9456 1
9457 20
9458 7
9459 4
9460 14
9461 2
9462 15
9463 2
9464 3
9465 20
9466 6
9467 8
9468 19
9469 7
9470 8
9471 19
9472 19
9473 7
9474 18
9475 3
9476 9
9477 1
9478 20
9479 17
9480 4
9481 1
9482 20
9483 13
9484 7
9485 12
9486 2
9487 16
9488 12
9489 3
9490 9
9491 5
9492 3
9493 3
9494 17
9495 10
9496 11
9497 20
9498 10
9499 2
9500 12
9501 19
9502 18
9503 5
9504 18
9505 5
9506 3
9507 15
9508 13
9509 12
9510 15
9511 16
9512 9
9513 4
9514 16
9515 20
9516 16
9517 11
9518 10
9519 10
9520 14
9521 20
9522 14
9523 18
9524 20
9525 14
9526 20
9527 4
9528 12
9529 19
9530 8
9531 7
9532 3
9533 7
9534 6
9535 9
9536 8
9537 11
9538 20
9539 3
9540 5
9541 13
9542 12
9543 5
9544 8
9545 2
9546 10
9547 12
9548 4
9549 18
9550 13
9551 19
9552 19
9553 7
9554 8
9555 19
9556 6
9557 8
9558 16
9559 18
9560 10
9561 14
9562 9
9563 13
9564 9
9565 15
9566 18
9567 9
9568 3
9569 3
9570 13
9571 19
9572 6
9573 1
9574 14
9575 6
9576 20
9577 16
9578 2
9579 6
9580 10
9581 9
9582 19
9583 11
9584 8
9585 6
9586 18
9587 4
9588 4
9589 15
9590 18
9591 16
9592 11
9593 12
9594 3
9595 9
9596 14
9597 12
9598 5
9599 7
9600 16
9601 12
9602 6
9603 11
9604 16
9605 7
9606 13
9607 13
9608 18
9609 9
9610 8
9611 18
9612 7
9613 1
9614 20
9615 14
9616 13
9617 15
9618 20
9619 1
9620 3
9621 5
9622 12
9623 4
9624 4
9625 14
9626 15
9627 11
9628 13
9629 17
9630 11
9631 20
9632 6
9633 15
9634 15
9635 18
9636 18
9637 19
9638 16
9639 16
9640 18
9641 5
9642 12
9643 4
9644 2
9645 1
9646 17
9647 3
9648 17
9649 9
9650 2
9651 17
9652 14
9653 2
9654 19
9655 20
9656 12
9657 18
9658 5
9659 14
9660 19
9661 2
9662 4
9663 12
9664 19
9665 15
9666 16
9667 18
9668 20
9669 6
9670 1
9671 7
9672 19
9673 4
9674 7
9675 7
9676 12
9677 17
9678 16
9679 8
9680 4
9681 9
9682 16
9683 1
9684 6
9685 12
9686 8
9687 6
9688 12
9689 6
9690 6
9691 15
9692 15
9693 15
9694 12
9695 11
9696 19
9697 20
9698 1
9699 17
9700 20
9701 15
9702 15
9703 4
9704 17
9705 15
9706 15
9707 20
9708 13
9709 2
9710 11
9711 7
9712 8
9713 13
9714 6
9715 9
9716 14
9717 5
9718 17
9719 20
9720 7
9721 14
9722 20
9723 3
9724 10
9725 5
9726 11
9727 8
9728 19
9729 10
9730 18
9731 4
9732 3
9733 6
9734 2
9735 10
9736 2
9737 5
9738 2
9739 7
9740 4
9741 11
9742 8
9743 1
9744 6
9745 7
9746 13
9747 13
9748 7
9749 13
9750 16
9751 7
9752 15
9753 8
9754 1
9755 4
9756 16
9757 11
9758 9
9759 17
9760 7
9761 2
9762 19
9763 18
9764 20
9765 11
9766 10
9767 16
9768 3
9769 6
9770 18
9771 16
9772 18
9773 20
9774 17
9775 13
9776 13
9777 11
9778 3
9779 9
9780 1
9781 10
9782 11
9783 6
9784 8
9785 10
9786 15
9787 7
9788 12
9789 2
9790 14
9791 20
9792 18
9793 7
9794 9
9795 1
9796 13
9797 19
9798 16
9799 7
9800 11
9801 3
9802 1
9803 15
9804 18
9805 6
9806 8
9807 1
9808 3
9809 12
9810 13
9811 8
9812 11
9813 6
9814 4
9815 11
9816 19
9817 4
9818 8
9819 7
9820 6
9821 9
9822 18
9823 6
9824 9
9825 9
9826 14
9827 7
9828 6
9829 9
9830 2
9831 11
9832 15
9833 3
9834 1
9835 12
9836 17
9837 16
9838 3
9839 19
9840 16
9841 14
9842 4
9843 7
9844 10
9845 1
9846 2
9847 4
9848 20
9849 12
9850 10
9851 6
9852 7
9853 8
9854 5
9855 18
9856 15
9857 17
9858 7
9859 9
9860 16
9861 2
9862 5
9863 19
9864 2
9865 6
9866 20
9867 14
9868 19
9869 18
9870 5
9871 8
9872 1
9873 13
9874 10
9875 18
9876 1
9877 5
9878 1
9879 6
9880 6
9881 8
9882 11
9883 10
9884 19
9885 7
9886 15
9887 2
9888 9
9889 6
9890 1
9891 7
9892 3
9893 12
9894 5
9895 1
9896 6
9897 4
9898 13
9899 14
9900 15
9901 12
9902 10
9903 20
9904 2
9905 6
9906 1
9907 1
9908 17
9909 16
9910 12
9911 13
9912 2
9913 11
9914 14
9915 8
9916 9
9917 15
9918 9
9919 20
9920 18
9921 4
9922 2
9923 1
9924 18
9925 17
9926 11
9927 7
9928 15
9929 14
9930 4
9931 16
9932 1
9933 11
9934 2
9935 15
9936 14
9937 8
9938 11
9939 8
9940 10
9941 5
9942 13
9943 5
9944 19
9945 18
9946 11
9947 12
9948 14
9949 7
9950 9
9951 1
9952 11
9953 12
9954 16
9955 11
9956 2
9957 9
9958 13
9959 6
9960 14
9961 8
9962 1
9963 4
9964 2
9965 19
9966 1
9967 13
9968 6
9969 11
9970 2
9971 7
9972 7
9973 13
9974 19
9975 17
9976 18
9977 4
9978 10
9979 18
9980 14
9981 7
9982 9
9983 5
9984 12
9985 13
9986 2
9987 16
9988 18
9989 10
9990 17
9991 14
9992 15
9993 20
9994 20
9995 14
9996 2
9997 2
9998 15
9999 17
10000 5
# Number of edges
EDGES = 0
# Every edge has three atributes (ID, first vertex, last vertex)
